0.851448	0.637147	
0.816105	0.644565	
0.875655	0.608406	
0.931723	0.606556	
0.846996	0.640054	
0.849459	0.597697	
0.821232	0.620785	
0.873245	0.632648	
0.884623	0.640627	
0.8078	0.643711	
0.83364	0.562978	
0.839515	0.671509	
0.857363	0.630899	
0.899479	0.706059	
0.8368	0.639296	
0.838499	0.638327	
0.779284	0.569243	
0.850086	0.674455	
0.82995	0.639532	
0.883472	0.622359	
0.887517	0.640047	
0.823139	0.633852	
0.821771	0.633659	
0.844521	0.652191	
0.820938	0.680388	
0.88426	0.599955	
0.846354	0.623924	
0.856867	0.61903	
0.753234	0.658823	
0.848194	0.641707	
0.89001	0.613042	
0.807194	0.673142	
0.885209	0.573036	
0.853128	0.656404	
0.831842	0.623135	
0.905872	0.71077	
0.834408	0.645297	
0.889127	0.596302	
0.832655	0.671723	
0.779493	0.588174	
0.836976	0.624369	
0.84407	0.65651	
0.924638	0.574732	
0.883541	0.585652	
0.799438	0.625747	
0.903376	0.594835	
0.77026	0.664065	
0.818098	0.604236	
0.83686	0.639004	
0.845551	0.644617	
0.838058	0.621816	
0.762859	0.635649	
0.829731	0.608034	
0.816379	0.686062	
0.951439	0.682808	
0.839207	0.658312	
0.788276	0.644224	
0.80347	0.616846	
0.894973	0.563518	
0.872267	0.662607	
0.798872	0.632777	
0.826798	0.612452	
0.840923	0.640179	
0.919496	0.62832	
0.810755	0.610253	
0.827809	0.653045	
0.821806	0.618431	
0.831888	0.64089	
0.852609	0.642463	
0.83344	0.623227	
0.865562	0.718149	
0.840903	0.561966	
0.840613	0.662023	
0.848722	0.633253	
0.88934	0.700379	
0.816737	0.641736	
0.924894	0.584914	
0.7025	0.696426	
0.852184	0.660542	
0.872529	0.692966	
0.848306	0.648269	
0.862599	0.600709	
0.826731	0.616688	
0.827322	0.620736	
0.821216	0.617408	
0.826249	0.649748	
0.861926	0.71546	
0.821612	0.677304	
0.849368	0.688951	
0.83921	0.638209	
0.804696	0.626113	
0.774647	0.697691	
0.807614	0.557251	
0.833194	0.622599	
0.846421	0.642681	
0.734116	0.590424	
0.815636	0.6603	
0.852897	0.609669	
0.888499	0.672841	
0.879264	0.6648	
0.840053	0.648873	
0.803345	0.632059	
0.841264	0.642079	
0.872795	0.599757	
0.862689	0.672734	
0.943208	0.677581	
0.788874	0.61151	
0.887501	0.673957	
0.953094	0.670646	
0.816101	0.619506	
0.783446	0.636212	
0.838941	0.634988	
0.829445	0.626502	
0.832189	0.659398	
0.80912	0.625896	
0.816307	0.635367	
0.839299	0.637791	
0.866286	0.668205	
0.815962	0.651992	
0.939511	0.653721	
0.834535	0.592114	
0.858777	0.689704	
0.753883	0.61639	
0.82964	0.636736	
0.847381	0.582051	
0.833348	0.617241	
0.857185	0.623355	
0.85364	0.616038	
0.781791	0.593507	
0.795113	0.651917	
0.855941	0.661384	
0.864166	0.591177	
0.857148	0.620205	
0.804189	0.67028	
0.800445	0.692712	
0.805275	0.650967	
0.838615	0.682012	
0.849685	0.651469	
0.748829	0.620896	
0.84021	0.635734	
0.808406	0.620513	
0.830745	0.713327	
0.825136	0.652155	
0.849682	0.619574	
0.801988	0.605147	
0.840778	0.660576	
0.856078	0.593476	
0.911536	0.653318	
0.83096	0.616805	
0.871236	0.59789	
0.835286	0.657835	
0.819572	0.643431	
0.883309	0.587445	
0.841036	0.550654	
0.95742	0.70799	
0.838935	0.639739	
0.86572	0.628297	
0.823614	0.617117	
0.815917	0.635759	
0.811098	0.628144	
0.876259	0.585357	
0.854252	0.653995	
0.859465	0.621119	
0.769498	0.674849	
1	0.624202	
0.767054	0.661273	
0.797273	0.654261	
0.874621	0.717664	
0.826714	0.580442	
0.797289	0.62304	
0.903543	0.561566	
0.841217	0.639403	
0.72177	0.696286	
0.828209	0.725482	
0.839983	0.638735	
0.882736	0.592951	
0.814048	0.641111	
0.809069	0.629234	
0.821086	0.598745	
0.833992	0.641972	
0.781411	0.701485	
0.840696	0.635873	
0.841128	0.639712	
0.817635	0.661526	
0.788315	0.67199	
0.764751	0.632471	
0.818207	0.688787	
0.835051	0.65315	
0.842825	0.634566	
0.823582	0.647901	
0.805522	0.665127	
0.903267	0.722101	
0.876856	0.616756	
0.853256	0.623121	
0.813511	0.596221	
0.896925	0.654222	
0.862789	0.651524	
0.959115	0.663936	
0.921633	0.6055	
0.827958	0.57929	
0.781278	0.612829	
0.831579	0.659167	
0.882199	0.684645	
0.803233	0.63292	
0.756987	0.635629	
0.839298	0.615068	
0.778911	0.670763	
0.857133	0.600274	
0.853226	0.683054	
0.812087	0.588711	
0.853794	0.640216	
0.836134	0.639205	
0.821673	0.644191	
0.888534	0.673989	
0.818427	0.645946	
0.765461	0.655287	
0.928809	0.625641	
0.784773	0.625229	
0.899113	0.595458	
0.787258	0.665543	
0.929892	0.594363	
0.88116	0.663334	
0.84118	0.622369	
0.889557	0.594576	
0.860876	0.596798	
0.885488	0.657698	
0.855317	0.644989	
0.798	0.621496	
0.808948	0.642767	
0.853515	0.638279	
0.876632	0.66245	
0.854869	0.646508	
0.803215	0.655699	
0.886022	0.635326	
0.841156	0.599653	
0.806153	0.691577	
0.816008	0.649547	
0.878695	0.63278	
0.854581	0.637622	
0.877943	0.607843	
0.844932	0.603148	
0.773165	0.586178	
0.843779	0.638777	
0.838163	0.638074	
0.805802	0.632462	
0.809442	0.699692	
0.842471	0.686742	
0.811014	0.615542	
0.845052	0.65856	
0.841009	0.644581	
0.836841	0.641457	
0.830647	0.642934	
0.871554	0.658476	
0.865804	0.595307	
0.825597	0.647426	
0.751094	0.687288	
0.76096	0.640166	
0.817443	0.638705	
0.842072	0.638764	
0.906817	0.680401	
0.844836	0.658357	
0.822514	0.651276	
0.845899	0.640082	
0.789439	0.59567	
0.83473	0.629532	
0.975904	0.669816	
0.824969	0.615073	
0.872204	0.600101	
0.815568	0.60915	
0.856615	0.640133	
0.85215	0.607732	
0.849996	0.714331	
0.839076	0.68383	
0.902087	0.562308	
0.837617	0.654252	
0.818478	0.643927	
0.869664	0.629128	
0.733515	0.560228	
0.841628	0.692436	
0.833304	0.642475	
0.831258	0.649194	
0.713276	0.587965	
0.833008	0.620953	
0.829947	0.640598	
0.874577	0.630041	
0.789283	0.640755	
0.807436	0.661413	
0.832559	0.659656	
0.873023	0.655448	
0.835961	0.62913	
0.835997	0.642448	
0.811446	0.649674	
0.79062	0.619044	
0.851133	0.69338	
0.841163	0.639136	
0.876386	0.603979	
0.81108	0.631957	
0.904455	0.635715	
0.871312	0.639955	
0.846665	0.708686	
0.612031	0.237039	
0.534367	0.144238	
0.524575	0.310571	
0.526196	0.245867	
0.553545	0.205118	
0.605504	0.135054	
0.470485	0.15704	
0.586523	0.332467	
0.582235	0.288167	
0.544915	0.221463	
0.540477	0.286927	
0.495531	0.266212	
0.579339	0.194956	
0.586403	0.223037	
0.591011	0.238885	
0.588888	0.279039	
0.509616	0.256905	
0.599664	0.186287	
0.521633	0.245872	
0.468482	0.140255	
0.612964	0.269775	
0.513101	0.21018	
0.54858	0.238048	
0.482626	0.20845	
0.568215	0.357235	
0.554731	0.288783	
0.537504	0.243592	
0.549934	0.238062	
0.526958	0.246118	
0.558118	0.211419	
0.575284	0.224289	
0.610177	0.219112	
0.569093	0.224435	
0.492878	0.264769	
0.576089	0.18801	
0.540606	0.218633	
0.546337	0.246346	
0.557774	0.240945	
0.56188	0.245582	
0.606763	0.230742	
0.547627	0.22637	
0.557315	0.249513	
0.519773	0.151784	
0.548437	0.23558	
0.563385	0.244839	
0.474312	0.301716	
0.533977	0.290875	
0.645393	0.218259	
0.558885	0.229965	
0.529023	0.206982	
0.54389	0.198834	
0.669439	0.178192	
0.54599	0.192428	
0.574961	0.282405	
0.587006	0.194129	
0.512332	0.225012	
0.509866	0.222476	
0.539186	0.224918	
0.525507	0.183357	
0.553955	0.211005	
0.464859	0.167838	
0.471973	0.259778	
0.507954	0.217956	
0.563295	0.241331	
0.564416	0.197419	
0.543651	0.193144	
0.618387	0.261327	
0.549952	0.228964	
0.508084	0.25822	
0.527815	0.172415	
0.543692	0.153047	
0.54501	0.2323	
0.643437	0.19654	
0.562571	0.213951	
0.548138	0.231923	
0.519633	0.229413	
0.543317	0.232442	
0.548956	0.249784	
0.543305	0.221234	
0.551461	0.270151	
0.630867	0.289025	
0.516984	0.204948	
0.469209	0.280063	
0.563772	0.210733	
0.472235	0.270077	
0.562839	0.19088	
0.588207	0.216474	
0.568068	0.215977	
0.583416	0.221513	
0.53028	0.246335	
0.498048	0.214994	
0.541289	0.30199	
0.529944	0.186961	
0.551099	0.224175	
0.557667	0.225365	
0.575568	0.292658	
0.552881	0.21827	
0.646521	0.248533	
0.456728	0.277944	
0.554856	0.234342	
0.542357	0.226029	
0.522461	0.301591	
0.638088	0.202633	
0.55067	0.233828	
0.525147	0.117372	
0.537017	0.245457	
0.553467	0.261769	
0.548855	0.231167	
0.56528	0.344231	
0.507447	0.152381	
0.572925	0.228147	
0.535131	0.234432	
0.598852	0.242614	
0.545522	0.299551	
0.569935	0.201581	
0.553761	0.242503	
0.583186	0.26157	
0.517225	0.122861	
0.523744	0.245213	
0.545196	0.233002	
0.464086	0.284854	
0.47901	0.200478	
0.566684	0.232365	
0.52259	0.238474	
0.572847	0.195023	
0.624994	0.242353	
0.555606	0.233444	
0.540392	0.221444	
0.5958	0.207787	
0.425574	0.253765	
0.654025	0.247518	
0.621911	0.186489	
0.660287	0.147642	
0.544003	0.237317	
0.491232	0.179604	
0.532873	0.243959	
0.495533	0.255161	
0.527942	0.177003	
0.576337	0.238415	
0.555149	0.230722	
0.617569	0.212007	
0.53984	0.212219	
0.579767	0.251707	
0.507299	0.223776	
0.437394	0.194929	
0.533775	0.198859	
0.634494	0.178694	
0.646773	0.18256	
0.561374	0.149508	
0.55276	0.238556	
0.527068	0.131298	
0.535491	0.242503	
0.567782	0.216034	
0.561144	0.275435	
0.581466	0.232509	
0.552006	0.269594	
0.489289	0.295875	
0.540621	0.229776	
0.525895	0.226509	
0.567434	0.229643	
0.544833	0.222793	
0.589963	0.30259	
0.55688	0.242433	
0.547767	0.144223	
0.616017	0.238028	
0.552413	0.193638	
0.429424	0.277086	
0.565099	0.1665	
0.525052	0.243131	
0.518457	0.260552	
0.591791	0.240452	
0.585116	0.181049	
0.518119	0.136218	
0.666475	0.247496	
0.5134	0.225592	
0.524725	0.205451	
0.52008	0.187363	
0.628548	0.217272	
0.493617	0.105762	
0.548728	0.166534	
0.553384	0.258957	
0.496205	0.21237	
0.630228	0.267767	
0.538705	0.21004	
0.468919	0.256202	
0.576218	0.13093	
0.593587	0.158965	
0.549964	0.272737	
0.564593	0.193648	
0.658247	0.202278	
0.556366	0.280317	
0.495566	0.237228	
0.563996	0.231147	
0.5684	0.254405	
0.554017	0.235557	
0.567286	0.227127	
0.626795	0.251748	
0.566971	0.226646	
0.475975	0.283592	
0.588509	0.213741	
0.548475	0.263546	
0.537809	0.234146	
0.607323	0.185716	
0.525069	0.26666	
0.548927	0.221487	
0.599893	0.232871	
0.618884	0.157937	
0.510578	0.240108	
0.588743	0.289366	
0.515801	0.176113	
0.594422	0.183729	
0.605954	0.195899	
0.543517	0.227985	
0.550546	0.231355	
0.567035	0.33607	
0.587421	0.217622	
0.548171	0.238529	
0.547978	0.223255	
0.54531	0.226288	
0.530026	0.246611	
0.489363	0.186551	
0.566983	0.173401	
0.521298	0.214391	
0.54188	0.218191	
0.435685	0.262227	
0.57208	0.179186	
0.57168	0.226931	
0.588768	0.234441	
0.495546	0.235212	
0.566003	0.227089	
0.562786	0.240261	
0.646466	0.223855	
0.536822	0.226966	
0.492224	0.184809	
0.566192	0.248762	
0.624365	0.209037	
0.606276	0.193135	
0.589065	0.204739	
0.570017	0.219296	
0.653955	0.205919	
0.604573	0.294003	
0.576364	0.198183	
0.544662	0.208443	
0.542085	0.234569	
0.582	0.303345	
0.575414	0.224876	
0.548275	0.231787	
0.530513	0.215862	
0.506767	0.214036	
0.542706	0.223811	
0.554717	0.214678	
0.544794	0.231327	
0.546009	0.261004	
0.552395	0.216387	
0.507183	0.291535	
0.549825	0.2286	
0.547874	0.239626	
0.509988	0.258123	
0.559629	0.262692	
0.599969	0.261375	
0.577171	0.30767	
0.523406	0.178317	
0.562505	0.265611	
0.615448	0.22287	
0.568006	0.227852	
0.577475	0.217226	
0.534163	0.210589	
0.58254	0.207721	
0.565652	0.253242	
0.510459	0.207252	
0.579308	0.156808	
0.541436	0.238706	
0.601032	0.272661	
0.65881	0.164262	
0.54967	0.238728	
0.52065	0.22986	
0.547538	0.230835	
0.612033	0.178664	
0.479508	0.270937	
0.53762	0.235262	
0.558412	0.243493	
0.556136	0.26822	
0.530321	0.191764	
0.514067	0.149525	
0.524392	0.239097	
0.527118	0.221287	
0.5309	0.284232	
0.562184	0.250187	
0.536812	0.243458	
0.518897	0.269994	
0.638616	0.2375	
0.529988	0.214132	
0.589864	0.22889	
0.577089	0.222543	
0.521019	0.301561	
0.561102	0.236658	
0.527574	0.20161	
0.555156	0.210015	
0.665021	0.123349	
0.510221	0.209323	
0.575665	0.16048	
0.544342	0.234726	
0.545588	0.231494	
0.571534	0.225739	
0.433824	0.291773	
0.544243	0.191734	
0.574534	0.201116	
0.493436	0.214027	
0.528807	0.251437	
0.471051	0.274118	
0.48317	0.217178	
0.54395	0.201312	
0.581998	0.224468	
0.557963	0.175966	
0.53437	0.144002	
0.541078	0.224684	
0.59135	0.296733	
0.21692	0.773539	
0.173104	0.733747	
0.213909	0.753545	
0.156561	0.728826	
0.196111	0.742702	
0.216892	0.801849	
0.219553	0.678191	
0.189618	0.699899	
0.250243	0.726755	
0.317438	0.689376	
0.2578	0.711506	
0.229417	0.725972	
0.236659	0.694916	
0.224387	0.722211	
0.215991	0.74811	
0.124748	0.68315	
0.217341	0.747059	
0.205372	0.788736	
0.214858	0.722656	
0.22847	0.722075	
0.143755	0.726224	
0.209779	0.819063	
0.220747	0.74911	
0.271588	0.775003	
0.211713	0.72544	
0.202481	0.733524	
0.210549	0.761912	
0.269196	0.75535	
0.296727	0.753844	
0.265428	0.684205	
0.218406	0.752824	
0.175062	0.654226	
0.229498	0.755808	
0.273382	0.678696	
0.260543	0.846552	
0.169263	0.749845	
0.216332	0.746713	
0.221115	0.736734	
0.256217	0.735398	
0.201681	0.724121	
0.236952	0.734416	
0.225678	0.604902	
0.199796	0.760791	
0.146156	0.795559	
0.215817	0.732009	
0.280296	0.711947	
0.192974	0.722174	
0.161573	0.828998	
0.166842	0.674086	
0.229641	0.772757	
0.168688	0.730413	
0.262597	0.720826	
0.361959	0.751011	
0.226079	0.767109	
0.350398	0.767235	
0.265417	0.642779	
0.25054	0.756661	
0.178924	0.862028	
0.159755	0.734094	
0.2183	0.723609	
0.237879	0.726795	
0.209639	0.708625	
0.183008	0.783804	
0.223806	0.712498	
0.16598	0.786582	
0.226378	0.733453	
0.176228	0.673648	
0.158087	0.811248	
0.220515	0.749295	
0.321253	0.737782	
0.330036	0.666569	
0.218476	0.715892	
0.311392	0.84293	
0.200146	0.76316	
0.248405	0.765437	
0.215392	0.702343	
0.206191	0.846903	
0.243363	0.747232	
0.204062	0.746033	
0.243407	0.711358	
0.283027	0.692427	
0.283095	0.792268	
0.228866	0.758308	
0.212058	0.740112	
0.122271	0.700121	
0.249481	0.775463	
0.211384	0.748424	
0.191321	0.805768	
0.251981	0.674385	
0.177401	0.699283	
0.13411	0.755425	
0.228793	0.726098	
0.279532	0.737483	
0.213437	0.788368	
0.208944	0.734563	
0.203777	0.687075	
0.170052	0.804858	
0.304973	0.69087	
0.233944	0.726898	
0.230726	0.740654	
0.226029	0.75533	
0.173817	0.718009	
0.168395	0.706113	
0.207766	0.739449	
0.24329	0.752498	
0.218648	0.725356	
0.199596	0.770825	
0.30378	0.778025	
0.167643	0.784651	
0.216049	0.753973	
0.189637	0.743364	
0.173812	0.700765	
0.272102	0.785051	
0.123874	0.781023	
0.193876	0.781498	
0.201044	0.796354	
0.189424	0.731185	
0.199286	0.72484	
0.201263	0.737805	
0.203558	0.76632	
0.211682	0.738703	
0.25598	0.796032	
0.218456	0.749705	
0.187123	0.80726	
0.282877	0.772012	
0.31812	0.795645	
0.230531	0.754789	
0.217658	0.747446	
0.175427	0.790187	
0.210514	0.639634	
0.232532	0.709012	
0.273897	0.745187	
0.256363	0.798737	
0.215889	0.749283	
0.231864	0.752919	
0.18711	0.725312	
0.136424	0.815069	
0.18548	0.746415	
0.260943	0.748803	
0.196259	0.733729	
0.202213	0.743086	
0.227007	0.759049	
0.182226	0.725868	
0.217363	0.74892	
0.204936	0.76315	
0.212876	0.740845	
0.0670969	0.823545	
0.20054	0.736179	
0.31402	0.722385	
0.22352	0.739995	
0.206543	0.714974	
0.210162	0.7464	
0.206631	0.738178	
0.168298	0.699076	
0.173552	0.679815	
0.216214	0.748832	
0.196378	0.723384	
0.169941	0.740596	
0.209882	0.748011	
0.293957	0.748171	
0.200389	0.738843	
0.21329	0.770491	
0.230278	0.734259	
0.256201	0.729312	
0.232252	0.737339	
0.16964	0.778631	
0.210951	0.793619	
0.219242	0.729035	
0.213573	0.74762	
0.199797	0.766448	
0.236408	0.783802	
0.221553	0.729299	
0.179897	0.731354	
0.193361	0.751337	
0.172575	0.71175	
0.208668	0.746266	
0.23848	0.725044	
0.217559	0.747397	
0.23192	0.757151	
0.213916	0.750623	
0.203987	0.75988	
0.311578	0.794917	
0.251979	0.691252	
0.215083	0.741629	
0.243477	0.726137	
0.296144	0.777752	
0.213199	0.784158	
0.191689	0.798994	
0.144478	0.694064	
0.22716	0.662455	
0.202833	0.738233	
0.256354	0.811046	
0.220576	0.731961	
0.20246	0.732457	
0.125091	0.725743	
0.157882	0.749303	
0.2281	0.733268	
0.110157	0.663091	
0.261675	0.777047	
0.301425	0.827075	
0.176725	0.739172	
0.314329	0.80856	
0.249704	0.661394	
0.198672	0.84288	
0.182481	0.726996	
0.266925	0.755731	
0.214661	0.752301	
0.230972	0.731492	
0.220293	0.750641	
0.242311	0.749534	
0.203697	0.724261	
0.21697	0.745976	
0.179306	0.814873	
0.208785	0.753852	
0.275246	0.762249	
0.206373	0.719827	
0.16429	0.657012	
0.217505	0.747733	
0.217367	0.747397	
0.212994	0.796928	
0.271199	0.768757	
0.274586	0.722374	
0.21535	0.746975	
0.240715	0.763521	
0.116755	0.738402	
0.228058	0.757465	
0.264495	0.719105	
0.168586	0.772575	
0.219951	0.737583	
0.24372	0.782452	
0.210341	0.731356	
0.199944	0.744428	
0.142241	0.807726	
0.210614	0.739783	
0.255374	0.745912	
0.233261	0.715955	
0.189281	0.793896	
0.242879	0.745502	
0.236476	0.717738	
0.286586	0.735655	
0.24602	0.691529	
0.190983	0.743752	
0.304256	0.806458	
0.303273	0.829065	
0.237916	0.766919	
0.210925	0.672424	
0.23286	0.759541	
0.114888	0.687822	
0.217747	0.723226	
0.220592	0.715375	
0.140793	0.698988	
0.218282	0.760778	
0.201617	0.763413	
0.217291	0.748181	
0.214844	0.73627	
0.225932	0.720693	
0.195949	0.792577	
0.121754	0.754229	
0.197442	0.699951	
0.2236	0.748445	
0.241452	0.817624	
0.12515	0.784158	
0.164665	0.822033	
0.173444	0.727308	
0.201063	0.692018	
0.213282	0.746038	
0.252767	0.78795	
0.273222	0.702412	
0.275142	0.715033	
0.226161	0.70554	
0.220701	0.746233	
0.27319	0.750138	
0.297017	0.72142	
0.183795	0.743237	
0.145645	0.709741	
0.224842	0.742233	
0.283629	0.75364	
0.374769	0.784334	
0.0841906	0.827377	
0.222967	0.735261	
0.288028	0.710901	
0.227986	0.767317	
0.273098	0.758778	
0.19966	0.739112	
0.219782	0.732342	
0.235931	0.722597	
0.242884	0.721472	
0.209187	0.773676	
0.247514	0.71547	
0.229953	0.755885	
0.107408	0.725279	
0.238428	0.735624	
0.228844	0.750917	
0.188417	0.823226	
0.194064	0.7474	
0.246723	0.720921	
0.197191	0.775763	
0.174097	0.833087	
0.310524	0.717751	
0.208154	0.748104	
0.287925	0.658003	
0.236834	0.849977	
0.231908	0.618871	
0.217862	0.747352	
0.223186	0.753376	
0.262522	0.744189	
0.218236	0.755409	
0.324044	0.725485	
0.22093	0.688079	
0.289598	0.775331	
0.222905	0.750678	
0.256624	0.728737	
0.23785	0.739412	
0.205363	0.774717	
0.232563	0.765602	
0.566525	0.375411	
0.465409	0.400969	
0.512836	0.4638	
0.524558	0.398069	
0.517182	0.392335	
0.558978	0.376162	
0.467623	0.414851	
0.54516	0.415952	
0.531102	0.352364	
0.534494	0.398607	
0.517272	0.407815	
0.614496	0.439383	
0.492578	0.283475	
0.463554	0.443834	
0.527552	0.442246	
0.540884	0.421884	
0.425534	0.483942	
0.539992	0.396949	
0.583273	0.396999	
0.535196	0.444703	
0.585223	0.417949	
0.536113	0.416415	
0.570694	0.502302	
0.529434	0.439632	
0.505663	0.520202	
0.602644	0.467592	
0.448844	0.518221	
0.531393	0.415885	
0.564762	0.379113	
0.528649	0.427928	
0.450334	0.422763	
0.549795	0.433644	
0.509496	0.442139	
0.616769	0.396869	
0.470802	0.365477	
0.485545	0.403785	
0.571457	0.412273	
0.478973	0.374065	
0.593893	0.424822	
0.574584	0.381319	
0.533467	0.347415	
0.565187	0.412608	
0.522716	0.477346	
0.512637	0.418949	
0.544526	0.483041	
0.509947	0.395208	
0.573342	0.447475	
0.532826	0.424722	
0.527632	0.414522	
0.497967	0.379452	
0.465364	0.394613	
0.515895	0.401735	
0.5581	0.352336	
0.446108	0.463029	
0.418744	0.425263	
0.511334	0.476512	
0.47603	0.492555	
0.521306	0.445018	
0.532973	0.419442	
0.523521	0.456566	
0.538747	0.393462	
0.609542	0.421858	
0.593653	0.41822	
0.539565	0.402793	
0.548951	0.398681	
0.454709	0.268604	
0.627104	0.403126	
0.473285	0.476791	
0.569118	0.432511	
0.607428	0.397959	
0.521276	0.405735	
0.469428	0.471578	
0.543142	0.38402	
0.534733	0.441721	
0.525406	0.441566	
0.540543	0.375598	
0.524901	0.479327	
0.617466	0.463803	
0.528906	0.425262	
0.647973	0.41871	
0.559932	0.464823	
0.522925	0.378462	
0.518635	0.482145	
0.661383	0.505877	
0.564875	0.423275	
0.628105	0.465874	
0.502289	0.273812	
0.451872	0.390723	
0.470366	0.40642	
0.638184	0.464472	
0.489352	0.392586	
0.541363	0.405514	
0.523004	0.43296	
0.52114	0.351728	
0.545179	0.414254	
0.513881	0.493008	
0.538483	0.402296	
0.481743	0.510414	
0.423168	0.348725	
0.592822	0.519522	
0.528525	0.434077	
0.580959	0.454015	
0.533412	0.450212	
0.535197	0.435523	
0.59005	0.421023	
0.533933	0.422413	
0.520622	0.389638	
0.479467	0.480202	
0.551771	0.453473	
0.66288	0.402881	
0.452674	0.411483	
0.539016	0.423321	
0.526827	0.427014	
0.5432	0.394323	
0.522005	0.422846	
0.533395	0.419096	
0.504442	0.395356	
0.535566	0.396347	
0.554106	0.3798	
0.411487	0.441776	
0.54495	0.466721	
0.53002	0.419864	
0.560539	0.324848	
0.535464	0.435361	
0.614908	0.426732	
0.532216	0.418055	
0.470508	0.535612	
0.54377	0.43354	
0.544635	0.431128	
0.477182	0.376328	
0.555989	0.337156	
0.512797	0.409887	
0.555448	0.412344	
0.491346	0.471678	
0.602542	0.42504	
0.55986	0.34447	
0.52939	0.485864	
0.649397	0.451777	
0.527211	0.406986	
0.547453	0.477065	
0.48869	0.425042	
0.585981	0.485736	
0.529369	0.438907	
0.508012	0.333379	
0.574319	0.34918	
0.542888	0.425919	
0.582623	0.472827	
0.478262	0.435142	
0.601691	0.278803	
0.431661	0.473861	
0.499449	0.495074	
0.581439	0.429468	
0.506328	0.399277	
0.489934	0.418509	
0.529676	0.427611	
0.493223	0.435054	
0.572806	0.441695	
0.532017	0.455277	
0.545065	0.424138	
0.469767	0.404582	
0.473767	0.459466	
0.564498	0.429391	
0.516748	0.420937	
0.52057	0.477308	
0.490762	0.440184	
0.580551	0.356851	
0.51827	0.382071	
0.544064	0.431354	
0.469033	0.50691	
0.509396	0.424231	
0.549068	0.407117	
0.506307	0.380934	
0.528839	0.424216	
0.520661	0.466618	
0.599249	0.386156	
0.46181	0.377271	
0.534394	0.450308	
0.467561	0.411337	
0.587424	0.456274	
0.575733	0.469389	
0.494199	0.533082	
0.563585	0.440024	
0.536863	0.392902	
0.437566	0.383681	
0.584171	0.421388	
0.48496	0.437238	
0.496148	0.392933	
0.528748	0.430289	
0.582899	0.366331	
0.537624	0.396162	
0.552708	0.403719	
0.57583	0.384784	
0.498068	0.422492	
0.550271	0.355053	
0.585944	0.358672	
0.411194	0.393841	
0.452001	0.448276	
0.546432	0.43198	
0.451162	0.405488	
0.497234	0.425153	
0.507499	0.419628	
0.521554	0.388845	
0.554094	0.374978	
0.521576	0.408896	
0.517724	0.424832	
0.533216	0.448143	
0.478202	0.367938	
0.539435	0.472439	
0.547221	0.412495	
0.52741	0.415704	
0.536665	0.439753	
0.516984	0.417958	
0.546263	0.41633	
0.600959	0.436189	
0.524447	0.441142	
0.494448	0.464729	
0.491341	0.34507	
0.49113	0.440179	
0.456396	0.526599	
0.519219	0.426345	
0.519895	0.469934	
0.545297	0.429138	
0.523907	0.432654	
0.559361	0.445777	
0.516708	0.418678	
0.552351	0.455774	
0.5342	0.409585	
0.554538	0.429506	
0.475387	0.382311	
0.590632	0.439003	
0.546501	0.444369	
0.577368	0.472773	
0.551378	0.439108	
0.483056	0.437574	
0.46681	0.42382	
0.57651	0.351898	
0.481794	0.454184	
0.519726	0.432196	
0.523219	0.464072	
0.527775	0.432144	
0.529219	0.427973	
0.536455	0.381225	
0.435094	0.408717	
0.526157	0.424891	
0.523886	0.418388	
0.573337	0.434357	
0.529281	0.427865	
0.640313	0.393135	
0.57573	0.40895	
0.538328	0.402639	
0.528223	0.426774	
0.519127	0.42534	
0.451287	0.387269	
0.602136	0.423839	
0.506763	0.399408	
0.522609	0.495436	
0.521827	0.431461	
0.498055	0.421815	
0.603142	0.452328	
0.591104	0.416815	
0.519975	0.448646	
0.522482	0.425499	
0.516118	0.410684	
0.467824	0.423465	
0.53743	0.502775	
0.518031	0.498034	
0.516788	0.530142	
0.526699	0.408748	
0.534327	0.429774	
0.521944	0.426927	
0.509507	0.544969	
0.546539	0.533713	
0.487537	0.386756	
0.526337	0.430723	
0.49908	0.448013	
0.525756	0.397195	
0.442224	0.419325	
0.476457	0.54197	
0.482432	0.537882	
0.528599	0.431972	
0.527198	0.446698	
0.512249	0.505534	
0.453047	0.489694	
0.491392	0.434315	
0.532225	0.418506	
0.529263	0.4297	
0.624555	0.465413	
0.46904	0.410839	
0.572877	0.398959	
0.498809	0.418616	
0.515317	0.430167	
0.533663	0.420957	
0.538225	0.36425	
0.574927	0.503515	
0.48182	0.4054	
0.486075	0.351298	
0.530737	0.436153	
0.469355	0.52195	
0.544882	0.552956	
0.519395	0.46062	
0.509925	0.414482	
0.534985	0.451089	
0.466023	0.376311	
0.454172	0.431835	
0.536962	0.409751	
0.629093	0.44627	
0.52847	0.42896	
0.56028	0.394326	
0.523049	0.504956	
0.476352	0.402101	
0.532872	0.404341	
0.517878	0.401007	
0.579306	0.445978	
0.592795	0.354043	
0.53187	0.434552	
0.503928	0.429906	
0.517606	0.437254	
0.521886	0.45106	
0.557335	0.404132	
0.489887	0.50401	
0.79537	0.238015	
0.828261	0.163477	
0.760612	0.247175	
0.796742	0.297672	
0.78013	0.130346	
0.813586	0.231292	
0.86194	0.193698	
0.855221	0.26851	
0.811611	0.225902	
0.792614	0.217305	
0.812551	0.227603	
0.810942	0.225423	
0.766616	0.20896	
0.827609	0.235438	
0.782934	0.19308	
0.860704	0.26774	
0.848173	0.229091	
0.862992	0.236491	
0.826452	0.260843	
0.859273	0.253304	
0.819103	0.235804	
0.79863	0.218442	
0.731242	0.223171	
0.793668	0.174138	
0.810563	0.225439	
0.811128	0.225395	
0.845557	0.210011	
0.783776	0.189524	
0.884517	0.161668	
0.869556	0.220933	
0.807606	0.229873	
0.745209	0.242294	
0.867232	0.290619	
0.843968	0.20732	
0.764852	0.221627	
0.920437	0.157871	
0.80777	0.227546	
0.878949	0.17747	
0.811857	0.212218	
0.847323	0.334722	
0.810856	0.205724	
0.815239	0.229192	
0.802395	0.215226	
0.798406	0.198256	
0.755688	0.25115	
0.732571	0.27118	
0.842728	0.194275	
0.924626	0.11397	
0.747535	0.182343	
0.796358	0.232667	
0.806892	0.228216	
0.80442	0.197149	
0.81022	0.225266	
0.755821	0.203241	
0.730685	0.199117	
0.816862	0.130431	
0.816536	0.258783	
0.836766	0.256285	
0.766539	0.203674	
0.814082	0.251739	
0.808748	0.222724	
0.805223	0.223344	
0.799289	0.246508	
0.790385	0.240355	
0.877937	0.243826	
0.787942	0.200188	
0.720996	0.287108	
0.804612	0.221409	
0.743327	0.179876	
0.807714	0.177217	
0.8074	0.216756	
0.814131	0.217531	
0.74408	0.155515	
0.811756	0.224253	
0.783948	0.233533	
0.779955	0.199208	
0.797582	0.187671	
0.811746	0.228308	
0.79538	0.258532	
0.843825	0.271035	
0.819799	0.225157	
0.761443	0.150591	
0.786766	0.180323	
0.835973	0.216545	
0.858562	0.34011	
0.753001	0.169727	
0.837858	0.228756	
0.816271	0.229697	
0.798747	0.197052	
0.812246	0.148211	
0.766457	0.229933	
0.864468	0.160574	
0.810719	0.2254	
0.722235	0.251046	
0.783162	0.258631	
0.875113	0.15923	
0.822762	0.32369	
0.808153	0.243579	
0.776575	0.330231	
0.74166	0.270595	
0.809198	0.226078	
0.805625	0.230457	
0.830291	0.258739	
0.892507	0.26133	
0.880203	0.181177	
0.808622	0.23808	
0.894506	0.190097	
0.725805	0.235408	
0.753834	0.207278	
0.871112	0.123012	
0.778952	0.244449	
0.842983	0.214916	
0.809584	0.222945	
0.808614	0.225343	
0.766305	0.248849	
0.837781	0.24659	
0.78997	0.266969	
0.808797	0.241244	
0.803347	0.265857	
0.810805	0.235693	
0.81095	0.20454	
0.821272	0.229007	
0.805483	0.195934	
0.854275	0.203802	
0.803423	0.237904	
0.804819	0.229114	
0.809151	0.22945	
0.814054	0.216428	
0.79607	0.224204	
0.800909	0.22627	
0.840108	0.215175	
0.82959	0.236846	
0.8675	0.119228	
0.87467	0.298665	
0.832245	0.218623	
0.815522	0.234378	
0.784066	0.216645	
0.789581	0.218543	
0.832969	0.260022	
0.792968	0.185168	
0.818708	0.319496	
0.816402	0.225247	
0.842305	0.217249	
0.902488	0.121201	
0.900895	0.205539	
0.733182	0.260783	
0.724077	0.237473	
0.84927	0.240136	
0.857138	0.181436	
0.891277	0.181186	
0.787555	0.271849	
0.897842	0.166576	
0.757289	0.196201	
0.78011	0.26897	
0.775053	0.213094	
0.776548	0.175208	
0.801293	0.196489	
0.843412	0.187067	
0.849503	0.348003	
0.742821	0.216326	
0.811848	0.223404	
0.843999	0.276016	
0.870768	0.192327	
0.744382	0.325797	
0.760701	0.291749	
0.810146	0.226766	
0.854308	0.182227	
0.812845	0.228274	
0.822913	0.235384	
0.811028	0.229265	
0.704121	0.31947	
0.837455	0.224181	
0.821817	0.202816	
0.834649	0.198719	
0.814599	0.242163	
0.841237	0.257506	
0.87725	0.224367	
0.788127	0.209925	
0.853476	0.216631	
0.777494	0.239331	
0.79576	0.266052	
0.800384	0.245682	
0.793759	0.31126	
0.88556	0.264547	
0.841797	0.268791	
0.813758	0.239877	
0.799818	0.210266	
0.808287	0.228065	
0.8263	0.211853	
0.860803	0.163352	
0.811275	0.22498	
0.860419	0.199083	
0.777228	0.193051	
0.803848	0.216384	
0.806786	0.215524	
0.800717	0.163165	
0.834778	0.246355	
0.856306	0.163491	
0.838679	0.204872	
0.833009	0.198646	
0.800793	0.19945	
0.820722	0.265465	
0.851114	0.188061	
0.804263	0.189962	
0.777625	0.26831	
0.786757	0.195008	
0.785117	0.178169	
0.883392	0.175073	
0.806358	0.122867	
0.75916	0.259466	
0.829513	0.208188	
0.831452	0.213803	
0.838697	0.25879	
0.805303	0.215999	
0.760505	0.223893	
0.789032	0.180554	
0.80299	0.263069	
0.796856	0.230139	
0.791305	0.159265	
0.855901	0.209819	
0.850469	0.200219	
0.813697	0.214291	
0.778387	0.210177	
0.79816	0.237179	
0.841013	0.193785	
0.72204	0.227694	
0.82575	0.274258	
0.749075	0.195635	
0.874753	0.190881	
0.815841	0.232579	
0.770477	0.137808	
0.844915	0.147369	
0.814799	0.231213	
0.735336	0.218404	
0.765288	0.222527	
0.822081	0.248567	
0.863522	0.1319	
0.821048	0.107728	
0.90562	0.188118	
0.771118	0.263369	
0.727882	0.242261	
0.760766	0.151956	
0.829515	0.220316	
0.79545	0.22438	
0.806514	0.212038	
0.819033	0.202727	
0.821353	0.239692	
0.794276	0.209621	
0.772565	0.222601	
0.822994	0.247467	
0.82159	0.224686	
0.807492	0.238951	
0.770469	0.318785	
0.869293	0.176695	
0.794936	0.228882	
0.763565	0.129437	
0.771569	0.295523	
0.76227	0.117139	
0.80359	0.146585	
0.805047	0.232145	
0.80116	0.313542	
0.84482	0.120818	
0.808833	0.226631	
0.854577	0.225724	
0.817454	0.218167	
0.7969	0.246313	
0.812387	0.21491	
0.723443	0.227794	
0.79989	0.219389	
0.840069	0.239469	
0.785944	0.213188	
0.784492	0.246965	
0.882716	0.220887	
0.791395	0.14286	
0.877552	0.199895	
0.820015	0.271153	
0.822635	0.159908	
0.809219	0.211675	
0.777285	0.156681	
0.82382	0.225454	
0.812135	0.218838	
0.856111	0.287888	
0.775827	0.197198	
0.761434	0.183391	
0.78882	0.190845	
0.842776	0.16504	
0.741247	0.192465	
0.838758	0.196632	
0.748816	0.311285	
0.816069	0.24051	
0.882288	0.173072	
0.875601	0.211399	
0.818961	0.22305	
0.841002	0.20375	
0.86339	0.275006	
0.827082	0.185485	
0.809342	0.225117	
0.759016	0.26865	
0.805402	0.229383	
0.765201	0.266472	
0.827281	0.266819	
0.81133	0.225762	
0.811664	0.225316	
0.813584	0.228748	
0.838978	0.176697	
0.807049	0.205342	
0.812545	0.227204	
0.838474	0.214313	
0.759445	0.124324	
0.783095	0.234911	
0.819552	0.22712	
0.820545	0.233173	
0.836006	0.175837	
0.854965	0.213043	
0.823004	0.219618	
0.835256	0.205846	
0.81189	0.224997	
0.847249	0.233498	
0.867506	0.289927	
0.826302	0.211039	
0.761474	0.18671	
0.421866	0.576496	
0.409225	0.599655	
0.425725	0.613592	
0.42112	0.617552	
0.434501	0.607344	
0.411247	0.626794	
0.429686	0.62809	
0.449347	0.544485	
0.420756	0.662152	
0.410091	0.595724	
0.400933	0.650498	
0.402667	0.699122	
0.418186	0.553638	
0.435273	0.60376	
0.405844	0.611826	
0.415401	0.632966	
0.408081	0.62241	
0.426356	0.517294	
0.414225	0.606485	
0.427585	0.651313	
0.413572	0.648706	
0.417484	0.607332	
0.418992	0.599818	
0.429875	0.6459	
0.397861	0.632666	
0.41433	0.606674	
0.426843	0.595389	
0.417853	0.61512	
0.420067	0.608334	
0.4195	0.607664	
0.414833	0.586202	
0.392894	0.672763	
0.409106	0.599541	
0.427523	0.614029	
0.438955	0.603788	
0.411964	0.578561	
0.412514	0.596606	
0.422908	0.624927	
0.419387	0.611388	
0.411295	0.591327	
0.409791	0.582846	
0.378854	0.729731	
0.427996	0.600513	
0.419044	0.610715	
0.404898	0.637926	
0.40401	0.606127	
0.417774	0.610556	
0.419853	0.612582	
0.376008	0.735711	
0.402951	0.617811	
0.417448	0.607392	
0.409106	0.596467	
0.418205	0.661586	
0.401053	0.615485	
0.435443	0.531027	
0.427211	0.618401	
0.416603	0.649327	
0.438195	0.533476	
0.412229	0.611924	
0.401216	0.624228	
0.413737	0.639802	
0.426705	0.613734	
0.418556	0.612079	
0.42275	0.557483	
0.426507	0.612607	
0.415742	0.589673	
0.411965	0.607936	
0.41647	0.606095	
0.404866	0.61902	
0.427625	0.570519	
0.409871	0.662639	
0.418397	0.625019	
0.41954	0.615565	
0.417196	0.613863	
0.402887	0.611632	
0.406007	0.652996	
0.431745	0.605541	
0.420809	0.600373	
0.433202	0.594412	
0.431011	0.621907	
0.424417	0.593349	
0.461943	0.478494	
0.417323	0.63502	
0.429498	0.554782	
0.421329	0.609258	
0.422097	0.662426	
0.419238	0.611466	
0.424435	0.619953	
0.435841	0.601029	
0.418167	0.609883	
0.403126	0.609839	
0.406424	0.626624	
0.442177	0.559577	
0.429613	0.595233	
0.429603	0.55682	
0.412851	0.567799	
0.400285	0.632909	
0.400889	0.673626	
0.409023	0.619619	
0.430808	0.637834	
0.413327	0.593664	
0.404144	0.6248	
0.417419	0.609299	
0.421209	0.614749	
0.433288	0.579776	
0.410398	0.687512	
0.413327	0.607489	
0.419297	0.611349	
0.406105	0.624076	
0.466063	0.462926	
0.436644	0.597849	
0.414872	0.615899	
0.419557	0.610784	
0.426436	0.621913	
0.42007	0.599409	
0.428386	0.608877	
0.422186	0.602221	
0.4098	0.607195	
0.437635	0.552261	
0.41988	0.622401	
0.414849	0.612437	
0.406708	0.595728	
0.430533	0.610339	
0.414543	0.609373	
0.420045	0.611327	
0.417544	0.598429	
0.415709	0.592004	
0.413829	0.618113	
0.411961	0.612646	
0.415347	0.600453	
0.41885	0.602606	
0.428653	0.596992	
0.442183	0.587644	
0.407078	0.610601	
0.434101	0.61499	
0.409828	0.617579	
0.393917	0.660965	
0.419464	0.618172	
0.425329	0.633848	
0.413636	0.598582	
0.423311	0.608754	
0.453313	0.457962	
0.456842	0.472748	
0.434506	0.567065	
0.422064	0.614394	
0.428504	0.604122	
0.423541	0.619034	
0.426709	0.607055	
0.430469	0.575518	
0.435878	0.533285	
0.405238	0.611948	
0.415489	0.594064	
0.414361	0.647851	
0.438723	0.606535	
0.407509	0.659707	
0.424831	0.587272	
0.422157	0.570308	
0.421395	0.667149	
0.428349	0.617749	
0.417917	0.572428	
0.405822	0.640768	
0.419676	0.583827	
0.419899	0.609876	
0.411413	0.587723	
0.426502	0.606224	
0.416552	0.605457	
0.429507	0.64694	
0.410268	0.594102	
0.416044	0.648749	
0.412067	0.604983	
0.439656	0.593182	
0.430218	0.621971	
0.433259	0.600303	
0.4233	0.653458	
0.381461	0.723295	
0.425247	0.518083	
0.443879	0.522942	
0.436006	0.61108	
0.422611	0.5893	
0.396274	0.686167	
0.426616	0.619697	
0.43459	0.601024	
0.422617	0.54268	
0.405101	0.626076	
0.394918	0.64184	
0.421788	0.613448	
0.425044	0.619688	
0.421775	0.558479	
0.422882	0.592501	
0.413786	0.621485	
0.423175	0.608272	
0.409136	0.617968	
0.433395	0.527803	
0.424293	0.664634	
0.423483	0.619464	
0.399694	0.626917	
0.406226	0.619629	
0.420644	0.680302	
0.418326	0.614398	
0.408667	0.667809	
0.429789	0.600709	
0.429187	0.588576	
0.428112	0.611811	
0.404099	0.605689	
0.431292	0.628829	
0.41649	0.606939	
0.411261	0.60697	
0.421216	0.614416	
0.391696	0.659224	
0.420204	0.60799	
0.424083	0.605403	
0.425621	0.629362	
0.426275	0.646502	
0.443105	0.583418	
0.382672	0.707405	
0.439377	0.509157	
0.427163	0.618656	
0.430657	0.619416	
0.415455	0.624473	
0.399771	0.670893	
0.404769	0.719384	
0.424784	0.623704	
0.427496	0.580537	
0.413049	0.618926	
0.403675	0.700132	
0.394673	0.68255	
0.42313	0.610265	
0.413602	0.588329	
0.415982	0.55445	
0.420057	0.610721	
0.389996	0.735208	
0.439186	0.56559	
0.410019	0.601096	
0.421578	0.618763	
0.426663	0.591706	
0.422758	0.605302	
0.418217	0.630773	
0.406549	0.615534	
0.409672	0.631161	
0.419222	0.61086	
0.411042	0.626525	
0.420276	0.603251	
0.417766	0.607754	
0.434472	0.605926	
0.432335	0.600087	
0.420518	0.618468	
0.409622	0.596596	
0.418704	0.604145	
0.41923	0.61075	
0.421746	0.610666	
0.417872	0.599496	
0.418803	0.608976	
0.422165	0.61453	
0.417179	0.638418	
0.416045	0.59873	
0.42487	0.533957	
0.4162	0.565849	
0.413729	0.635715	
0.404258	0.623685	
0.415718	0.627928	
0.417117	0.652991	
0.42855	0.601574	
0.386861	0.683693	
0.423726	0.533859	
0.424127	0.568985	
0.430178	0.63948	
0.421964	0.614248	
0.414584	0.641697	
0.40706	0.609545	
0.420002	0.60698	
0.420654	0.613481	
0.403722	0.611946	
0.414243	0.605032	
0.418691	0.614093	
0.414563	0.609135	
0.43604	0.614577	
0.419147	0.561182	
0.435764	0.606829	
0.402017	0.640066	
0.419321	0.611356	
0.419581	0.610988	
0.433946	0.544618	
0.412242	0.620978	
0.40777	0.616261	
0.382043	0.745527	
0.424099	0.59995	
0.409701	0.642272	
0.440568	0.487604	
0.418481	0.597133	
0.431587	0.572094	
0.392244	0.663026	
0.41491	0.591425	
0.422751	0.605479	
0.435809	0.60461	
0.425025	0.534727	
0.419241	0.676532	
0.430632	0.606278	
0.415152	0.642528	
0.41051	0.589907	
0.433438	0.603776	
0.412989	0.61199	
0.421534	0.622148	
0.4064	0.684225	
0.433976	0.601314	
0.417003	0.547135	
0.414463	0.612822	
0.409011	0.614677	
0.409863	0.621805	
0.414498	0.596668	
0.409368	0.607637	
0.423406	0.624622	
0.42021	0.606458	
0.421996	0.603036	
0.407964	0.614939	
0.417001	0.605332	
0.412168	0.64871	
0.404753	0.622607	
0.442971	0.561862	
0.401163	0.611629	
0.387136	0.693439	
0.439011	0.59393	
0.407891	0.629841	
0.434043	0.595582	
0.420347	0.613785	
0.409316	0.580607	
0.419972	0.611853	
0.437912	0.54663	
0.423171	0.602353	
0.425276	0.621209	
0.821778	0.45166	
0.742525	0.482115	
0.786561	0.459936	
0.741409	0.46474	
0.717729	0.466169	
0.814739	0.513936	
0.759775	0.465569	
0.659159	0.494159	
0.766468	0.493957	
0.742613	0.385919	
0.743328	0.527923	
0.732425	0.483519	
0.800155	0.446138	
0.670149	0.486621	
0.778355	0.498487	
0.757283	0.47392	
0.696206	0.533059	
0.685709	0.539456	
0.695057	0.396113	
0.711144	0.486216	
0.707626	0.479859	
0.806727	0.44226	
0.767788	0.496016	
0.743301	0.484356	
0.759208	0.458984	
0.736942	0.458235	
0.780139	0.458559	
0.737729	0.482989	
0.723608	0.491023	
0.690809	0.504499	
0.829656	0.452098	
0.73905	0.484778	
0.65322	0.473016	
0.714611	0.448381	
0.746431	0.51003	
0.771491	0.471898	
0.740276	0.485053	
0.752242	0.459962	
0.765718	0.521647	
0.775737	0.476953	
0.690289	0.430281	
0.7369	0.549961	
0.768216	0.383563	
0.648606	0.473522	
0.811628	0.427289	
0.743418	0.485105	
0.710733	0.479873	
0.742876	0.485944	
0.782809	0.534855	
0.714481	0.415613	
0.764009	0.483826	
0.76285	0.496154	
0.74458	0.507201	
0.786196	0.491063	
0.737244	0.502388	
0.743622	0.483582	
0.765877	0.464226	
0.764868	0.476824	
0.743372	0.48603	
0.748201	0.48103	
0.728199	0.492833	
0.771679	0.475641	
0.734895	0.458891	
0.751278	0.487099	
0.73777	0.511831	
0.75595	0.483412	
0.753422	0.480583	
0.695789	0.479614	
0.766541	0.494644	
0.75506	0.483985	
0.791068	0.514043	
0.743871	0.562651	
0.744953	0.498596	
0.776273	0.467037	
0.756834	0.452218	
0.713522	0.497747	
0.737107	0.486988	
0.6791	0.411774	
0.747857	0.438495	
0.749872	0.49793	
0.781266	0.51926	
0.763952	0.496513	
0.709593	0.504766	
0.64191	0.470787	
0.746982	0.50119	
0.7408	0.490535	
0.844355	0.505821	
0.734556	0.48847	
0.727272	0.489179	
0.781785	0.487983	
0.719649	0.490857	
0.724266	0.48098	
0.735389	0.497951	
0.750235	0.501514	
0.741939	0.485834	
0.738419	0.476265	
0.769715	0.488629	
0.673037	0.458387	
0.763681	0.514219	
0.737773	0.447714	
0.700241	0.51025	
0.717393	0.45424	
0.752571	0.48617	
0.77786	0.495001	
0.750202	0.437809	
0.789113	0.555855	
0.743368	0.482463	
0.735148	0.485381	
0.742914	0.485935	
0.734657	0.490439	
0.672716	0.487601	
0.736686	0.477086	
0.722018	0.527013	
0.741939	0.533651	
0.693887	0.443203	
0.721414	0.479977	
0.754277	0.386146	
0.754646	0.500912	
0.692918	0.473216	
0.724699	0.494991	
0.764505	0.385929	
0.678967	0.452695	
0.749731	0.483557	
0.684801	0.464139	
0.737618	0.527771	
0.786688	0.503912	
0.739525	0.478154	
0.744724	0.496662	
0.78261	0.474659	
0.791267	0.512133	
0.761402	0.463044	
0.642707	0.429936	
0.718092	0.44292	
0.771507	0.436065	
0.787746	0.441549	
0.781203	0.502128	
0.716714	0.472741	
0.822595	0.545033	
0.739785	0.483957	
0.713233	0.443445	
0.771719	0.491417	
0.844718	0.505544	
0.745293	0.46775	
0.762387	0.464389	
0.704664	0.5251	
0.755002	0.462297	
0.736895	0.491573	
0.742104	0.492665	
0.804439	0.469215	
0.747122	0.469125	
0.698768	0.417584	
0.666226	0.491571	
0.648055	0.477093	
0.690361	0.530815	
0.714274	0.543208	
0.746008	0.480816	
0.739413	0.479053	
0.750972	0.487868	
0.649556	0.468283	
0.682936	0.475624	
0.732554	0.516681	
0.817136	0.488985	
0.733933	0.49007	
0.7393	0.476756	
0.798773	0.487754	
0.792354	0.425871	
0.730192	0.50357	
0.708058	0.52364	
0.717376	0.463546	
0.785416	0.587694	
0.757494	0.495024	
0.737002	0.483442	
0.748598	0.477165	
0.749187	0.456809	
0.72891	0.517446	
0.744414	0.48864	
0.725111	0.459342	
0.8318	0.519622	
0.729723	0.431031	
0.829169	0.480214	
0.719528	0.482674	
0.749613	0.551072	
0.664713	0.510631	
0.750886	0.467993	
0.777088	0.539352	
0.744234	0.484987	
0.742708	0.484609	
0.771165	0.517322	
0.782874	0.481797	
0.765566	0.495728	
0.756437	0.481329	
0.785597	0.455252	
0.787548	0.429707	
0.768652	0.437156	
0.741652	0.411787	
0.755137	0.463092	
0.743711	0.511225	
0.754383	0.490643	
0.789716	0.493325	
0.737702	0.511224	
0.726667	0.567977	
0.685785	0.338692	
0.778762	0.490188	
0.770609	0.508295	
0.844434	0.515984	
0.842591	0.537595	
0.754325	0.379038	
0.676236	0.471652	
0.747196	0.458618	
0.744943	0.480325	
0.745751	0.472606	
0.798376	0.505714	
0.78223	0.48614	
0.731604	0.508642	
0.777833	0.498205	
0.744955	0.488204	
0.783437	0.466058	
0.68026	0.529471	
0.733878	0.481068	
0.770163	0.441807	
0.733512	0.490784	
0.688519	0.531337	
0.727813	0.482894	
0.745785	0.483672	
0.720797	0.46512	
0.725006	0.493549	
0.697139	0.531811	
0.758432	0.484653	
0.689782	0.48087	
0.799423	0.464835	
0.743195	0.487326	
0.761086	0.434888	
0.687616	0.470133	
0.725842	0.578595	
0.791437	0.479697	
0.749166	0.47901	
0.807217	0.503135	
0.742908	0.48423	
0.751117	0.472728	
0.760255	0.542092	
0.736064	0.482413	
0.775052	0.493907	
0.667152	0.477773	
0.741051	0.455749	
0.731342	0.484231	
0.740408	0.439105	
0.687763	0.477147	
0.737893	0.482934	
0.736121	0.507967	
0.746144	0.464508	
0.753234	0.483679	
0.749749	0.487691	
0.772565	0.493279	
0.743429	0.457355	
0.785883	0.59754	
0.802837	0.544474	
0.763569	0.499771	
0.723468	0.482118	
0.749871	0.434444	
0.758243	0.398502	
0.763473	0.507586	
0.784835	0.490353	
0.743186	0.485462	
0.734793	0.437628	
0.731541	0.4685	
0.752082	0.508345	
0.745248	0.579229	
0.779905	0.460671	
0.758551	0.445346	
0.767164	0.470001	
0.779797	0.459079	
0.758507	0.502485	
0.644191	0.485427	
0.728663	0.477097	
0.692163	0.476843	
0.736941	0.45069	
0.721968	0.493638	
0.741914	0.482451	
0.731145	0.497171	
0.710188	0.541855	
0.700398	0.500305	
0.77498	0.500462	
0.740422	0.477419	
0.684054	0.498981	
0.742848	0.525805	
0.746786	0.460383	
0.772639	0.50093	
0.758505	0.496417	
0.789954	0.468764	
0.701981	0.402813	
0.758934	0.474201	
0.717275	0.483081	
0.748168	0.489601	
0.72841	0.414611	
0.732846	0.482053	
0.733662	0.489596	
0.734085	0.474249	
0.766484	0.56343	
0.777723	0.488007	
0.740676	0.476141	
0.685165	0.506281	
0.669597	0.469961	
0.735094	0.501671	
0.735093	0.511227	
0.744806	0.478143	
0.696872	0.503665	
0.694592	0.513888	
0.731658	0.488523	
0.735726	0.537091	
0.741179	0.492108	
0.67406	0.482683	
0.792693	0.49541	
0.743122	0.48349	
0.725633	0.485396	
0.741368	0.484381	
0.773604	0.494682	
0.737127	0.52971	
0.638522	0.458121	
0.744233	0.483728	
0.753618	0.555298	
0.728565	0.474783	
0.782095	0.491359	
0.753919	0.504251	
0.714713	0.47404	
0.745985	0.514818	
0.741828	0.486469	
0.723603	0.491792	
0.720386	0.524968	
0.73143	0.44818	
0.733533	0.488075	
0.652601	0.486884	
0.781597	0.470024	
0.715646	0.503087	
0.767906	0.552253	
0.802487	0.791517	
0.817105	0.797421	
0.814053	0.805238	
0.804605	0.809285	
0.791705	0.787987	
0.774589	0.795567	
0.87228	0.784374	
0.821919	0.794409	
0.819267	0.790525	
0.819886	0.807891	
0.818598	0.789312	
0.809188	0.830715	
0.83697	0.802212	
0.81201	0.799829	
0.809982	0.814927	
0.805514	0.801232	
0.772798	0.838791	
0.746316	0.804739	
0.814605	0.806213	
0.81425	0.804095	
0.808684	0.819143	
0.811424	0.808652	
0.824152	0.812957	
0.803217	0.800101	
0.822148	0.800718	
0.813613	0.805135	
0.813362	0.800445	
0.793599	0.787425	
0.819271	0.811693	
0.779692	0.798726	
0.807403	0.819077	
0.814119	0.80607	
0.800044	0.79271	
0.79632	0.804043	
0.803094	0.829527	
0.804141	0.804859	
0.817022	0.80221	
0.677945	0.868389	
0.855772	0.807516	
0.814006	0.806872	
0.750655	0.803629	
0.851583	0.792489	
0.770535	0.829649	
0.845156	0.806083	
0.782936	0.80451	
0.762806	0.816153	
0.819628	0.799396	
0.791947	0.803583	
0.815651	0.813	
0.819161	0.803156	
0.820626	0.800588	
0.802233	0.805952	
0.831728	0.813516	
0.751773	0.81283	
0.708021	0.823081	
0.842604	0.815634	
0.761625	0.811188	
0.817275	0.805673	
0.775586	0.792816	
0.814723	0.812768	
0.854085	0.811785	
0.817683	0.797847	
0.804144	0.802419	
0.811466	0.808451	
0.818325	0.797658	
0.802727	0.802195	
0.83065	0.780629	
0.816968	0.796387	
0.805605	0.785662	
0.784495	0.838579	
0.814666	0.807225	
0.704384	0.849625	
0.811281	0.802666	
0.760644	0.836255	
0.843854	0.780417	
0.813797	0.805919	
0.788067	0.798917	
0.802866	0.823891	
0.794581	0.8296	
0.809847	0.782529	
0.857809	0.797406	
0.830112	0.812738	
0.858563	0.799407	
0.8214	0.800971	
0.819004	0.819105	
0.83887	0.809387	
0.74425	0.818718	
0.86949	0.785573	
0.833566	0.825718	
0.821355	0.782979	
0.818003	0.827322	
0.811426	0.807579	
0.762842	0.806998	
0.800181	0.806844	
0.850191	0.80991	
0.832729	0.797429	
0.815132	0.787207	
0.813475	0.810011	
0.818976	0.810432	
0.826159	0.780945	
0.828001	0.798335	
0.825263	0.785953	
0.722702	0.84573	
0.852046	0.818305	
0.815381	0.810147	
0.824048	0.806868	
0.813092	0.80807	
0.835511	0.782771	
0.832612	0.807966	
0.80938	0.828287	
0.80654	0.816621	
0.83603	0.780024	
0.814414	0.801256	
0.891104	0.789337	
0.835396	0.82457	
0.8119	0.792097	
0.851026	0.803883	
0.84103	0.772216	
0.813356	0.806629	
0.813528	0.807323	
0.75919	0.811244	
0.750012	0.828459	
0.811564	0.806294	
0.858992	0.806642	
0.795773	0.798826	
0.818786	0.813684	
0.816592	0.786117	
0.832771	0.784879	
0.846707	0.818161	
0.789312	0.80597	
0.905725	0.757707	
0.810328	0.818431	
0.860896	0.816236	
0.809439	0.83217	
0.818665	0.812928	
0.772508	0.810824	
0.80765	0.80407	
0.845784	0.775422	
0.882977	0.775127	
0.869286	0.772019	
0.842287	0.815045	
0.794969	0.78875	
0.822798	0.81861	
0.887474	0.805159	
0.800909	0.835792	
0.80447	0.800077	
0.817693	0.825883	
0.828578	0.81569	
0.776359	0.838338	
0.756986	0.84127	
0.830945	0.803087	
0.776287	0.79787	
0.847109	0.8083	
0.852562	0.771498	
0.805238	0.828036	
0.814173	0.806282	
0.809269	0.822754	
0.805446	0.817469	
0.839397	0.81723	
0.828244	0.809274	
0.761842	0.824148	
0.807384	0.83488	
0.811401	0.800874	
0.814528	0.806357	
0.828507	0.827307	
0.81669	0.831302	
0.804992	0.801616	
0.800419	0.835911	
0.841603	0.820327	
0.811522	0.807644	
0.808944	0.813533	
0.810277	0.811293	
0.815998	0.80314	
0.837015	0.787929	
0.811261	0.805367	
0.850048	0.815024	
0.797631	0.805	
0.815912	0.807776	
0.837941	0.788777	
0.912196	0.797482	
0.857276	0.805991	
0.839056	0.814354	
0.813135	0.806875	
0.808313	0.795609	
0.82259	0.802936	
0.787203	0.833586	
0.879674	0.773775	
0.781173	0.802583	
0.789914	0.801843	
0.81527	0.807001	
0.823194	0.806673	
0.813173	0.805447	
0.772528	0.84468	
0.810525	0.800923	
0.808739	0.791882	
0.851176	0.796677	
0.855053	0.793519	
0.769118	0.795684	
0.834982	0.791216	
0.806558	0.814256	
0.842499	0.793961	
0.812313	0.805123	
0.800095	0.799258	
0.805763	0.785691	
0.832953	0.816217	
0.682451	0.831438	
0.821301	0.816731	
0.777784	0.791931	
0.817477	0.803821	
0.902233	0.79942	
0.855173	0.799641	
0.811304	0.799521	
0.773022	0.821953	
0.862506	0.791488	
0.888456	0.766465	
0.824194	0.805319	
0.788384	0.815033	
0.810674	0.805696	
0.828568	0.824826	
0.823465	0.786044	
0.79565	0.791032	
0.856083	0.782331	
0.8193	0.80863	
0.81645	0.808039	
0.730658	0.855783	
0.789061	0.795088	
0.765503	0.835071	
0.84086	0.782596	
0.814577	0.807652	
0.797357	0.805969	
0.81482	0.783743	
0.851127	0.817792	
0.803653	0.820461	
0.814031	0.812593	
0.815138	0.813415	
0.968134	0.759617	
0.803342	0.817742	
0.808248	0.806773	
0.766348	0.82866	
0.822871	0.780596	
0.847802	0.787953	
0.819675	0.829386	
0.812559	0.818845	
0.812519	0.808689	
0.805781	0.823129	
0.79465	0.828856	
0.820479	0.801712	
0.806372	0.789339	
0.810804	0.80613	
0.802085	0.824874	
0.891382	0.800782	
0.811499	0.804104	
0.821164	0.801172	
0.814965	0.806374	
0.814464	0.780332	
0.793436	0.811105	
0.814122	0.805435	
0.807234	0.826643	
0.811877	0.802151	
0.8519	0.794239	
0.797494	0.815716	
0.824662	0.77634	
0.817442	0.807151	
0.816872	0.80935	
0.796124	0.830109	
0.873395	0.779146	
0.838675	0.776149	
0.802226	0.800219	
0.795502	0.81144	
0.745675	0.81681	
0.81833	0.812247	
0.774665	0.798961	
0.833136	0.815429	
0.799355	0.799507	
0.773653	0.819963	
0.777429	0.800725	
0.779364	0.821017	
0.831308	0.789536	
0.816504	0.806887	
0.820526	0.807482	
0.811617	0.811443	
0.814855	0.803938	
0.757145	0.819835	
0.814566	0.805998	
0.824599	0.80386	
0.761304	0.810337	
0.860851	0.767764	
0.85881	0.775675	
0.794279	0.835056	
0.771819	0.801019	
0.812969	0.799058	
0.773398	0.82419	
0.811625	0.789186	
0.772261	0.793364	
0.825647	0.78311	
0.856959	0.802112	
0.832281	0.805815	
0.812507	0.789495	
0.847131	0.771596	
0.811995	0.817098	
0.759127	0.817466	
0.913258	0.754021	
0.819603	0.790164	
0.822044	0.808835	
0.814909	0.802969	
0.808372	0.802007	
0.795203	0.802585	
0.801628	0.811895	
0.908664	0.77352	
0.813525	0.805643	
0.835499	0.790975	
0.777308	0.83142	
0.794636	0.797175	
0.811519	0.822033	
0.81195	0.804094	
0.831194	0.820556	
0.824229	0.824595	
0.812044	0.797697	
0.807598	0.792489	
0.833384	0.790909	
0.786568	0.803035	
0.822581	0.809547	
0.845873	0.793056	
0.782319	0.816394	
0.783311	0.789489	
0.79004	0.832464	
0.85359	0.771003	
0.843063	0.779729	
0.802727	0.83251	
0.815618	0.807999	
0.759977	0.806623	
0.819104	0.812377	
0.803189	0.819262	
0.657845	0.843	
0.654899	0.71678	
0.60982	0.745444	
0.625037	0.775666	
0.667777	0.765119	
0.653857	0.706108	
0.620279	0.743254	
0.606072	0.764917	
0.649848	0.732314	
0.562856	0.717524	
0.563046	0.649014	
0.659062	0.721776	
0.622315	0.7122	
0.576089	0.638136	
0.618626	0.709754	
0.586755	0.731538	
0.582216	0.711661	
0.555471	0.729438	
0.656234	0.698077	
0.656112	0.712906	
0.592055	0.718138	
0.629772	0.717631	
0.648682	0.728672	
0.631421	0.701937	
0.64675	0.709298	
0.688184	0.784517	
0.640635	0.744296	
0.613943	0.720951	
0.666589	0.727304	
0.594566	0.801503	
0.725138	0.789293	
0.625566	0.679637	
0.673434	0.647037	
0.60424	0.71841	
0.626484	0.738579	
0.631624	0.727708	
0.632055	0.723585	
0.666305	0.688171	
0.628184	0.726171	
0.605188	0.765029	
0.658217	0.802656	
0.641172	0.750554	
0.634936	0.719519	
0.617088	0.717906	
0.602769	0.725081	
0.609658	0.632645	
0.616207	0.764501	
0.698605	0.731188	
0.747833	0.769744	
0.740064	0.758583	
0.605251	0.744166	
0.618615	0.692337	
0.619865	0.723107	
0.62384	0.720038	
0.623497	0.711972	
0.617723	0.756949	
0.700607	0.696956	
0.628635	0.723367	
0.573323	0.728932	
0.633865	0.721703	
0.631953	0.706468	
0.673771	0.736026	
0.638325	0.739525	
0.57877	0.671415	
0.65064	0.717015	
0.641977	0.680295	
0.602381	0.739072	
0.634514	0.724753	
0.613997	0.790362	
0.611665	0.704123	
0.575718	0.664468	
0.626163	0.684566	
0.639938	0.721069	
0.607744	0.71003	
0.628686	0.718393	
0.612762	0.717619	
0.634622	0.723807	
0.624132	0.72308	
0.630109	0.720448	
0.605881	0.626158	
0.582178	0.69804	
0.630214	0.736886	
0.648666	0.7257	
0.559871	0.681255	
0.630255	0.712025	
0.610313	0.770564	
0.647797	0.721609	
0.626191	0.770351	
0.682398	0.676738	
0.666087	0.720723	
0.630319	0.723405	
0.639028	0.718898	
0.67308	0.730143	
0.632055	0.705563	
0.633265	0.721662	
0.641867	0.651333	
0.607777	0.713001	
0.627233	0.689211	
0.557555	0.692838	
0.622403	0.699747	
0.585837	0.710658	
0.587833	0.718225	
0.631717	0.706379	
0.62151	0.704653	
0.595646	0.703263	
0.563986	0.674549	
0.628337	0.719064	
0.601642	0.679512	
0.634962	0.733614	
0.610634	0.683211	
0.579849	0.762244	
0.626565	0.720258	
0.630986	0.672217	
0.587062	0.720452	
0.60302	0.743556	
0.664442	0.78515	
0.597592	0.779962	
0.659343	0.681856	
0.625604	0.710211	
0.630148	0.718751	
0.639919	0.721946	
0.707349	0.790738	
0.578247	0.696495	
0.642216	0.662403	
0.622517	0.760402	
0.637897	0.71493	
0.648638	0.788365	
0.629125	0.658821	
0.64642	0.702416	
0.640249	0.795264	
0.607453	0.701984	
0.632517	0.704169	
0.657887	0.735587	
0.572639	0.736518	
0.649989	0.681057	
0.628803	0.717401	
0.630171	0.702559	
0.61759	0.713329	
0.583494	0.725945	
0.613884	0.7333	
0.626994	0.720749	
0.621046	0.719349	
0.629481	0.720586	
0.648557	0.782736	
0.634661	0.729312	
0.633316	0.669629	
0.626513	0.720516	
0.627499	0.741336	
0.628142	0.720962	
0.63085	0.75487	
0.741989	0.832758	
0.619913	0.725312	
0.675742	0.694552	
0.633003	0.801611	
0.641105	0.755312	
0.576187	0.696857	
0.691022	0.78118	
0.628896	0.730349	
0.562433	0.726073	
0.552721	0.686995	
0.684527	0.692733	
0.603059	0.721246	
0.638616	0.763377	
0.602097	0.749776	
0.58501	0.738052	
0.62558	0.761741	
0.629889	0.720333	
0.611645	0.765661	
0.608365	0.684643	
0.613863	0.762765	
0.632213	0.724341	
0.630588	0.720748	
0.621326	0.680181	
0.670122	0.735745	
0.677024	0.769477	
0.556337	0.739721	
0.634145	0.717802	
0.667268	0.780806	
0.623256	0.718968	
0.573754	0.701411	
0.567773	0.738954	
0.618138	0.712708	
0.610112	0.69434	
0.548897	0.724936	
0.595328	0.721733	
0.639715	0.623509	
0.614075	0.715695	
0.625145	0.703427	
0.629148	0.698162	
0.648126	0.732813	
0.612019	0.823757	
0.617093	0.717504	
0.601729	0.721107	
0.655985	0.723992	
0.636932	0.784846	
0.632998	0.715505	
0.625301	0.718521	
0.627497	0.76596	
0.701354	0.734969	
0.585215	0.642099	
0.625806	0.713839	
0.607296	0.7267	
0.560145	0.682108	
0.634392	0.714867	
0.640709	0.698706	
0.581008	0.717258	
0.661427	0.626839	
0.627692	0.723335	
0.604027	0.718407	
0.587075	0.714726	
0.627834	0.724729	
0.609286	0.731399	
0.633782	0.642875	
0.620617	0.72405	
0.622089	0.727564	
0.539426	0.700402	
0.613933	0.759324	
0.596181	0.766113	
0.634354	0.718466	
0.645473	0.721055	
0.638281	0.683489	
0.587639	0.632761	
0.634194	0.717904	
0.643475	0.684384	
0.665385	0.71507	
0.66972	0.765901	
0.686526	0.739165	
0.652851	0.774412	
0.629702	0.716969	
0.631317	0.719762	
0.577794	0.613622	
0.633575	0.731673	
0.632683	0.718665	
0.635788	0.715072	
0.628273	0.7195	
0.629426	0.717667	
0.629865	0.720327	
0.625461	0.723845	
0.672268	0.83983	
0.602567	0.761099	
0.619065	0.722208	
0.587372	0.719432	
0.629645	0.720355	
0.577952	0.700534	
0.620666	0.657467	
0.622526	0.761582	
0.631972	0.716488	
0.62859	0.719819	
0.567563	0.682772	
0.739332	0.746306	
0.625032	0.73257	
0.674488	0.774136	
0.628251	0.726872	
0.633997	0.698292	
0.546243	0.644351	
0.66892	0.748604	
0.644847	0.72712	
0.639199	0.736235	
0.621462	0.722183	
0.621542	0.721325	
0.69394	0.706411	
0.633423	0.716762	
0.638301	0.695125	
0.634542	0.722014	
0.596862	0.693334	
0.612583	0.660053	
0.577217	0.696593	
0.634365	0.7246	
0.689728	0.69247	
0.715471	0.736874	
0.633483	0.716174	
0.609854	0.729298	
0.667632	0.645448	
0.631982	0.721702	
0.620342	0.743787	
0.584666	0.726975	
0.65298	0.647969	
0.583587	0.726122	
0.628271	0.722427	
0.668021	0.658435	
0.626755	0.714612	
0.615812	0.752392	
0.631547	0.622431	
0.597996	0.794512	
0.685863	0.723429	
0.580311	0.706534	
0.624462	0.762894	
0.624625	0.766591	
0.628885	0.727414	
0.648077	0.683542	
0.621741	0.73435	
0.560484	0.716227	
0.623283	0.753734	
0.630586	0.720422	
0.628579	0.756409	
0.581978	0.717958	
0.634777	0.718633	
0.68051	0.743473	
0.567436	0.699362	
0.653839	0.695689	
0.682951	0.736828	
0.620362	0.77913	
0.60951	0.76196	
0.637509	0.692896	
0.641588	0.777186	
0.58623	0.682605	
0.686738	0.728535	
0.624675	0.690308	
0.612816	0.676118	
0.584449	0.728733	
0.620841	0.688984	
0.572401	0.703835	
0.642085	0.676716	
0.634322	0.664861	
0.630354	0.749143	
0.688964	0.6839	
0.585451	0.768536	
0.590563	0.728586	
0.652999	0.680639	
0.617769	0.739477	
0.623329	0.740729	
0.642167	0.693472	
0.741364	0.778248	
0.632834	0.722976	
0.530363	0.710558	
0.648491	0.732085	
0.632575	0.705976	
0.659671	0.718875	
0.573554	0.715138	
0.665508	0.733905	
0.631087	0.718939	
0.634317	0.716889	
0.629329	0.72358	
0.583708	0.605074	
0.728346	0.803044	
0.620473	0.775379	
0.628525	0.705397	
0.608485	0.659555	
0.642037	0.669692	
0.629617	0.719815	
0.404472	0.390242	
0.250755	0.420969	
0.360004	0.387582	
0.350127	0.39246	
0.254755	0.380056	
0.290215	0.464913	
0.340328	0.375596	
0.346552	0.403183	
0.357432	0.377759	
0.337833	0.387653	
0.27414	0.390053	
0.338836	0.363453	
0.328602	0.343691	
0.228983	0.4105	
0.311718	0.373617	
0.322354	0.36791	
0.33613	0.382203	
0.320884	0.359664	
0.350825	0.341268	
0.382371	0.385651	
0.321312	0.435628	
0.342296	0.416516	
0.336619	0.405318	
0.397212	0.319577	
0.337671	0.383171	
0.342184	0.336204	
0.324634	0.398518	
0.39473	0.362076	
0.332112	0.368773	
0.283771	0.418755	
0.33805	0.38328	
0.416021	0.350694	
0.336029	0.376428	
0.310085	0.424405	
0.370534	0.387091	
0.336355	0.403717	
0.310457	0.37708	
0.296376	0.420571	
0.334613	0.380627	
0.336937	0.37407	
0.328163	0.414398	
0.417005	0.336165	
0.399886	0.29438	
0.323602	0.399349	
0.296438	0.378414	
0.284166	0.370562	
0.333475	0.432118	
0.334312	0.380285	
0.338031	0.389255	
0.334017	0.39929	
0.34188	0.369896	
0.278728	0.424947	
0.331441	0.3963	
0.379686	0.334829	
0.284975	0.441569	
0.423432	0.37649	
0.334948	0.384719	
0.338958	0.322954	
0.352319	0.391178	
0.343797	0.389521	
0.342071	0.370132	
0.306585	0.364084	
0.298912	0.462172	
0.336675	0.382538	
0.316935	0.379847	
0.32282	0.393047	
0.312208	0.356192	
0.3692	0.421065	
0.357668	0.372291	
0.326688	0.383948	
0.346569	0.406348	
0.343471	0.37706	
0.34531	0.379031	
0.338919	0.413386	
0.335566	0.383961	
0.351475	0.388806	
0.439243	0.361319	
0.330498	0.391065	
0.32629	0.429724	
0.369456	0.328586	
0.298536	0.369567	
0.274396	0.394601	
0.330635	0.389392	
0.415904	0.304379	
0.35614	0.389692	
0.297316	0.390771	
0.322705	0.397646	
0.355737	0.376506	
0.330432	0.38942	
0.326571	0.358264	
0.30105	0.436973	
0.36724	0.373472	
0.39296	0.384914	
0.469918	0.323154	
0.381979	0.371638	
0.329306	0.398299	
0.340106	0.417344	
0.407895	0.358108	
0.353775	0.386897	
0.343246	0.376908	
0.247251	0.388391	
0.334847	0.34225	
0.345572	0.413663	
0.401597	0.327027	
0.338971	0.367105	
0.314666	0.379289	
0.362544	0.413033	
0.323749	0.406131	
0.334617	0.37148	
0.370186	0.35193	
0.336529	0.38345	
0.351967	0.363622	
0.360196	0.348083	
0.331731	0.383976	
0.333078	0.383392	
0.395439	0.315771	
0.430223	0.326077	
0.330535	0.378612	
0.337988	0.35162	
0.319281	0.411667	
0.316727	0.398679	
0.402089	0.31265	
0.396657	0.313356	
0.321221	0.436845	
0.34051	0.381339	
0.306738	0.362773	
0.323906	0.416962	
0.337453	0.377673	
0.349447	0.435228	
0.321808	0.407318	
0.321308	0.361856	
0.329437	0.355989	
0.337633	0.380938	
0.334188	0.384128	
0.348421	0.357818	
0.362663	0.31517	
0.400672	0.387761	
0.33661	0.38332	
0.332357	0.399892	
0.311339	0.35418	
0.324776	0.41309	
0.338182	0.383055	
0.467764	0.341606	
0.335738	0.383878	
0.417297	0.350753	
0.407373	0.301663	
0.336066	0.38332	
0.338777	0.399804	
0.30998	0.350802	
0.326746	0.378091	
0.242323	0.403675	
0.349201	0.363666	
0.318968	0.449643	
0.315619	0.378233	
0.394218	0.406301	
0.347481	0.366038	
0.325422	0.346444	
0.43185	0.368259	
0.277964	0.432732	
0.33668	0.43435	
0.330266	0.36447	
0.383434	0.338291	
0.352261	0.398529	
0.372125	0.384914	
0.360482	0.363011	
0.436578	0.330975	
0.387536	0.383833	
0.309038	0.381386	
0.320323	0.37983	
0.239064	0.484211	
0.263116	0.458754	
0.334409	0.371803	
0.334921	0.372498	
0.269055	0.382044	
0.400182	0.359295	
0.344897	0.321915	
0.33585	0.392539	
0.435647	0.367997	
0.390191	0.37251	
0.261519	0.403482	
0.417736	0.342525	
0.417406	0.328244	
0.336364	0.383218	
0.329405	0.339109	
0.287366	0.355103	
0.350354	0.398198	
0.297703	0.388903	
0.335394	0.36879	
0.369323	0.307879	
0.31809	0.408501	
0.35709	0.355138	
0.344088	0.392429	
0.341646	0.404809	
0.379224	0.383056	
0.342358	0.361728	
0.386089	0.344472	
0.341913	0.388749	
0.350499	0.398755	
0.351043	0.367059	
0.335228	0.419861	
0.344223	0.411143	
0.337749	0.357343	
0.325085	0.418437	
0.318673	0.382051	
0.395558	0.381548	
0.287182	0.392583	
0.278253	0.446328	
0.335255	0.378208	
0.315099	0.357466	
0.312124	0.436596	
0.342472	0.388792	
0.344812	0.377853	
0.322069	0.374107	
0.322379	0.363103	
0.335573	0.423638	
0.310685	0.385132	
0.367193	0.330365	
0.337238	0.385191	
0.300801	0.412371	
0.32541	0.39612	
0.311475	0.403198	
0.321895	0.429824	
0.179885	0.513307	
0.343584	0.385471	
0.378964	0.386458	
0.326301	0.37002	
0.355772	0.383506	
0.349973	0.427976	
0.340223	0.362615	
0.338172	0.340239	
0.357562	0.408644	
0.282766	0.418108	
0.324854	0.445111	
0.402116	0.313368	
0.329445	0.388112	
0.481615	0.314139	
0.3716	0.362408	
0.430174	0.357262	
0.361231	0.414623	
0.349258	0.403403	
0.347361	0.38095	
0.328931	0.381242	
0.367134	0.423622	
0.349246	0.321492	
0.391022	0.318434	
0.407246	0.287636	
0.27764	0.411931	
0.340558	0.385238	
0.369573	0.359961	
0.335446	0.382643	
0.350399	0.36349	
0.315306	0.413966	
0.315451	0.397529	
0.356676	0.394333	
0.337535	0.383568	
0.3493	0.362457	
0.450853	0.362355	
0.269678	0.448034	
0.351968	0.395504	
0.322037	0.361684	
0.328172	0.33779	
0.288727	0.447662	
0.322867	0.383874	
0.310523	0.36407	
0.320596	0.381655	
0.369778	0.374836	
0.311918	0.419233	
0.381388	0.390089	
0.344228	0.364003	
0.313931	0.386884	
0.466153	0.308102	
0.331751	0.40277	
0.339536	0.395075	
0.334601	0.396467	
0.314752	0.364676	
0.343204	0.365879	
0.33536	0.377767	
0.277946	0.371894	
0.378545	0.349303	
0.305202	0.382171	
0.24453	0.394607	
0.294906	0.373575	
0.33563	0.381057	
0.344975	0.400973	
0.332011	0.38291	
0.342726	0.369171	
0.352631	0.360155	
0.337158	0.384878	
0.30451	0.388056	
0.364783	0.362812	
0.295103	0.350207	
0.373503	0.379323	
0.33513	0.356607	
0.341585	0.383626	
0.209881	0.423975	
0.355755	0.366998	
0.379241	0.358176	
0.321818	0.402532	
0.336505	0.382294	
0.340399	0.417844	
0.350264	0.386825	
0.366597	0.400513	
0.261131	0.42521	
0.35083	0.405469	
0.411927	0.335637	
0.270837	0.474219	
0.281661	0.362968	
0.363454	0.393079	
0.322681	0.428689	
0.31327	0.372886	
0.344895	0.413905	
0.327117	0.390085	
0.315512	0.356945	
0.36242	0.345991	
0.352027	0.403495	
0.327183	0.375432	
0.31738	0.380868	
0.406813	0.343073	
0.3862	0.394626	
0.277821	0.36245	
0.334358	0.385904	
0.320315	0.394842	
0.396175	0.404075	
0.309189	0.375772	
0.348196	0.34929	
0.289785	0.402751	
0.307976	0.378034	
0.352052	0.341547	
0.27503	0.446058	
0.26926	0.418179	
0.337611	0.377792	
0.387743	0.367509	
0.323037	0.392241	
0.371536	0.370379	
0.407697	0.321425	
0.338837	0.381772	
0.329534	0.386619	
0.35179	0.421411	
0.346705	0.388125	
0.343743	0.405247	
0.361459	0.423446	
0.268801	0.461469	
0.343988	0.372549	
0.346433	0.335921	
0.364395	0.38785	
0.0955387	0.261879	
0.171789	0.203194	
0.105121	0.224908	
0.159997	0.162741	
0.100208	0.252567	
0.102142	0.227115	
0.0209536	0.180672	
0.113262	0.1846	
0.101512	0.246074	
0.0878587	0.188013	
0.133804	0.263132	
0.118007	0.22634	
0.0862672	0.233583	
0.109418	0.228072	
0.102303	0.119583	
0.126079	0.191801	
0.0921497	0.21097	
0.131679	0.134514	
0.0442726	0.209835	
0.112277	0.23939	
0.110637	0.292855	
0.0549418	0.28405	
0.11772	0.233464	
0.132336	0.215793	
0.109514	0.197239	
0.0684741	0.216752	
0.102058	0.23	
0.102489	0.224183	
0.0690312	0.210435	
0.0611174	0.271695	
0.0918695	0.199802	
0.0636874	0.220484	
0.102014	0.221604	
0.220781	0.215278	
0.14797	0.271477	
0.109648	0.220063	
0.0699019	0.330989	
0.120211	0.17347	
0.17395	0.174975	
0.108406	0.223814	
0.14724	0.226386	
0.115697	0.217084	
0.118859	0.213639	
0.0430215	0.24396	
0.123407	0.18723	
0.130336	0.184666	
0.116494	0.303478	
0.0656314	0.322591	
0.16122	0.159684	
0.124201	0.23354	
0.0733124	0.271303	
0.112657	0.231866	
0.0940753	0.215556	
0.0182995	0.251322	
0.149831	0.243365	
0.174262	0.190729	
0.120058	0.229395	
0.125669	0.190315	
0.105341	0.15784	
0.0914557	0.233887	
0.0718027	0.198353	
0.10507	0.193004	
0.174364	0.259914	
0.0846863	0.212118	
0.102649	0.235371	
0.0358739	0.175032	
0.0843932	0.270069	
0.119412	0.219298	
0.159284	0.135067	
0.122329	0.229994	
0.160531	0.212784	
0.129477	0.243454	
0.100446	0.206868	
0.096807	0.22466	
0.0377079	0.235121	
0.041445	0.296762	
0.084751	0.266599	
0.167414	0.253683	
0.0178567	0.175318	
0.115121	0.232213	
0.110838	0.239908	
0.0566196	0.239735	
0.145811	0.224971	
0.0794784	0.253981	
0.0937434	0.149557	
0.110188	0.218099	
0.0759827	0.288342	
0.143312	0.189874	
0.090987	0.220407	
0.0905958	0.264441	
0.130484	0.215506	
0.117985	0.218706	
0.13958	0.237983	
0.131348	0.212835	
0.047764	0.147849	
0.0352844	0.133093	
0.109379	0.220561	
0.116239	0.188936	
0.157338	0.213474	
0.12715	0.26588	
0.0927057	0.233595	
0.177337	0.204441	
0.0892618	0.259886	
0.0678404	0.158933	
0.0775398	0.274414	
0.189918	0.286265	
0.0812779	0.219397	
0.0760247	0.238889	
0.0806195	0.158439	
0.105868	0.202665	
0.10116	0.204776	
0.137985	0.217732	
0.142029	0.339426	
0.0758631	0.247848	
0.141815	0.282064	
0.1319	0.229501	
0.110395	0.149753	
0.0670538	0.255113	
0.10897	0.218372	
0.148392	0.170029	
0.124714	0.259859	
0.0561217	0.268133	
0.107348	0.221329	
0.16925	0.209056	
0.0851217	0.239973	
0.104081	0.226092	
0.0924902	0.225489	
0.0826777	0.215285	
0.0921206	0.239648	
0.0888135	0.178599	
0.055431	0.261335	
0.0596002	0.216713	
0.023986	0.157687	
0.0279849	0.185188	
0.0681831	0.196223	
0.0894417	0.226847	
0.0434612	0.234186	
0.089126	0.213573	
0.0957747	0.203288	
0.1115	0.193019	
0.0522284	0.221452	
0	0.222895	
0.0852445	0.240908	
0.13857	0.193472	
0.166457	0.179798	
0.0329601	0.272532	
0.103172	0.219295	
0.091737	0.207546	
0.103919	0.226292	
0.0904708	0.197878	
0.0428599	0.0938938	
0.119479	0.275323	
0.0972822	0.215955	
0.0967855	0.205202	
0.120379	0.210972	
0.0576486	0.224779	
0.122666	0.201496	
0.145321	0.301696	
0.0766605	0.309103	
0.0575549	0.261967	
0.0950624	0.236316	
0.132388	0.274726	
0.09214	0.213815	
0.134003	0.217072	
0.133352	0.272411	
0.132698	0.220038	
0.047751	0.270865	
0.164006	0.190412	
0.0944536	0.227018	
0.0887413	0.257478	
0.114488	0.225052	
0.106994	0.22015	
0.0359849	0.166811	
0.0850495	0.217476	
0.0164008	0.240026	
0.124699	0.259638	
0.167524	0.175486	
0.174806	0.227164	
0.102956	0.157278	
0.0766346	0.240124	
0.0764816	0.217768	
0.139333	0.193053	
0.109593	0.219756	
0.122726	0.235228	
0.112109	0.259441	
0.0403663	0.205865	
0.0794568	0.141682	
0.0809126	0.267185	
0.0868167	0.223685	
0.0852284	0.180568	
0.0897855	0.225243	
0.170166	0.16865	
0.160202	0.187312	
0.0749611	0.175002	
0.00983081	0.264098	
0.109393	0.206681	
0.154535	0.233164	
0.120524	0.194585	
0.10473	0.226124	
0.0660635	0.26062	
0.0245097	0.225094	
0.120085	0.228166	
0.136163	0.241177	
0.197852	0.135624	
0.0681853	0.286593	
0.0961087	0.213433	
0.110809	0.159131	
0.0448696	0.279498	
0.0795624	0.200482	
0.0933102	0.20256	
0.209275	0.184167	
0.12996	0.23332	
0.115171	0.214565	
0.0531734	0.250664	
0.0788426	0.2458	
0.0963296	0.242387	
0.0583415	0.124324	
0.132063	0.267934	
0.147414	0.194618	
0.114007	0.230312	
0.162955	0.211502	
0.104304	0.217247	
0.0917876	0.218671	
0.0670495	0.157713	
0.0797618	0.213756	
0.152569	0.233841	
0.0926777	0.233258	
0.135609	0.202849	
0.0958275	0.237473	
0.11458	0.23499	
0.0615581	0.176097	
0.130876	0.224843	
0.0914245	0.235298	
0.108651	0.228141	
0.068168	0.24838	
0.119462	0.230437	
0.133315	0.24497	
0.0977456	0.187316	
0.112657	0.234926	
0.112641	0.217858	
0.0802672	0.175836	
0.0946745	0.215868	
0.0874428	0.243068	
0.0567187	0.248632	
0.108941	0.217538	
0.175479	0.222346	
0.0592801	0.259188	
0.105186	0.224895	
0.133306	0.204267	
0.103515	0.224895	
0.0850398	0.245744	
0.0783307	0.161045	
0.0328232	0.165602	
0.113712	0.24064	
0.151756	0.328809	
0.123815	0.242665	
0.128442	0.308499	
0.124423	0.255788	
0.0364472	0.359099	
0.113557	0.230392	
0.125901	0.240641	
0.155959	0.174915	
0.106491	0.228087	
0.134387	0.202537	
0.0248405	0.269928	
0.0839223	0.190839	
0.119711	0.258765	
0.110556	0.242958	
0.00263146	0.206312	
0.104805	0.248666	
0.109591	0.220191	
0.136049	0.210141	
0.141401	0.170923	
0.125219	0.210064	
0.118364	0.21289	
0.0723749	0.24864	
0.103754	0.225299	
0.142446	0.289282	
0.145072	0.147722	
0.201672	0.148319	
0.108181	0.367892	
0.161939	0.265442	
0.0433825	0.243802	
0.101493	0.222033	
0.0496012	0.158916	
0.180166	0.180277	
0.111988	0.235418	
0.0617887	0.267726	
0.0956109	0.21265	
0.163026	0.356929	
0.110844	0.198786	
0.0703124	0.224441	
0.103905	0.215152	
0.167589	0.169336	
0.137043	0.253851	
0.10514	0.224946	
0.124329	0.191251	
0.0263664	0.273629	
0.120975	0.236126	
0.0887154	0.230349	
0.0841605	0.208983	
0.119449	0.380772	
0.111212	0.227045	
0.15285	0.321084	
0.109646	0.216521	
0.0948124	0.258425	
0.146143	0.225295	
0.134503	0.298895	
0.0313642	0.313929	
0.0679999	0.271703	
0.0397047	0.236673	
0.0880236	0.213104	
0.113228	0.193466	
0.108861	0.263766	
0.120449	0.224911	
0.164114	0.236552	
0.145477	0.218146	
0.122688	0.28977	
0.0741993	0.121065	
0.109067	0.232342	
0.143549	0.25569	
0.104088	0.224684	
0.154568	0.17415	
0.104154	0.219979	
0.04089	0.221494	
0.0645592	0.230979	
0.105076	0.22063	
0.0621788	0.227684	
0.100938	0.23128	
0.0612532	0.154033	
0.113268	0.247951	
0.143296	0.255079	
0.102007	0.225163	
0.172486	0.162862	
0.135604	0.211045	
0.120129	0.214411	
0.1066	0.225525	
0.163653	0.219524	
0.186059	0.226224	
0.0740333	0.249164	
0.0991077	0.229893	
0.120325	0.240546	
0.088154	0.244497	
0.0672133	0.222184	
0.129855	0.226823	
0.130113	0.223245	
0.289548	0.147291	
0.363061	0.112037	
0.357257	0.187906	
0.280256	0.128002	
0.34127	0.189287	
0.253383	0.108082	
0.345451	0.147188	
0.420908	0.194941	
0.305906	0.256432	
0.262961	0.0969076	
0.354356	0.15077	
0.392257	0.151177	
0.334116	0.1518	
0.352473	0.15163	
0.325644	0.140821	
0.350292	0.142496	
0.354243	0.151046	
0.390955	0.0828825	
0.389519	0.0810721	
0.338306	0.122008	
0.348642	0.159578	
0.35405	0.205297	
0.340372	0.142708	
0.346624	0.204295	
0.341128	0.148329	
0.326697	0.211384	
0.303158	0.162713	
0.342261	0.14688	
0.333501	0.21346	
0.351216	0.161065	
0.433812	0.0915349	
0.343741	0.191896	
0.293173	0.108807	
0.346069	0.147433	
0.282194	0.193555	
0.349473	0.108949	
0.345237	0.161709	
0.372982	0.183285	
0.352948	0.152542	
0.323983	0.0955091	
0.359015	0.227825	
0.339767	0.121282	
0.356364	0.122918	
0.306322	0.142038	
0.264156	0.11716	
0.280481	0.223458	
0.293522	0.0644431	
0.420227	0.0632511	
0.340883	0.144187	
0.36721	0.173986	
0.321665	0.145778	
0.321325	0.133028	
0.332274	0.170008	
0.378588	0.109725	
0.411446	0.162838	
0.35438	0.155118	
0.289512	0.231539	
0.424911	0.186944	
0.315312	0.0986908	
0.347283	0.150667	
0.278572	0.130136	
0.399194	0.212856	
0.350655	0.177925	
0.378097	0.141853	
0.381548	0.174732	
0.297989	0.163227	
0.354036	0.202871	
0.300029	0.17028	
0.293296	0.108918	
0.313172	0.126564	
0.350413	0.119187	
0.400829	0.158648	
0.392613	0.166424	
0.391649	0.108974	
0.372138	0.117434	
0.363101	0.172196	
0.43876	0.115458	
0.447955	0.199993	
0.360055	0.137883	
0.383792	0.124334	
0.364363	0.107726	
0.314597	0.159686	
0.389829	0.177014	
0.358578	0.145205	
0.348957	0.146443	
0.353826	0.167283	
0.356855	0.137322	
0.393111	0.0691118	
0.354928	0.143928	
0.281853	0.181267	
0.303063	0.13529	
0.361861	0.132533	
0.339963	0.13288	
0.503163	0.116441	
0.379282	0.184531	
0.410585	0.213158	
0.409437	0.214556	
0.408893	0.176243	
0.369524	0.246001	
0.400464	0.132066	
0.34016	0.135838	
0.353656	0.150908	
0.314734	0.274708	
0.423584	0.0226681	
0.394149	0.141031	
0.355673	0.150417	
0.395714	0.235664	
0.388609	0.174162	
0.34866	0.244586	
0.308187	0.244265	
0.296745	0.0639717	
0.28553	0.201735	
0.298998	0.128018	
0.252478	0.128801	
0.335447	0.141443	
0.35419	0.151974	
0.340151	0.175092	
0.468456	0.203804	
0.375177	0.163464	
0.457559	0.0314978	
0.369995	0.15447	
0.237089	0.141321	
0.338205	0.203711	
0.42507	0.15838	
0.367006	0.127228	
0.378433	0.130657	
0.371781	0.140128	
0.35107	0.154743	
0.336395	0.147125	
0.358646	0.149364	
0.394466	0.168314	
0.329561	0.252404	
0.376846	0.0712194	
0.331089	0.119623	
0.382132	0.129797	
0.34662	0.17563	
0.427448	0.118357	
0.426033	0.157457	
0.314481	0.128351	
0.366787	0.229559	
0.382923	0.0987607	
0.349885	0.157326	
0.283966	0.123786	
0.355866	0.150872	
0.275783	0.221274	
0.3746	0.089784	
0.359691	0.167673	
0.316865	0.182684	
0.324848	0.21171	
0.351616	0.147036	
0.301076	0.143433	
0.443103	0.069092	
0.352898	0.179478	
0.387785	0.15019	
0.279241	0.20888	
0.478123	0.134455	
0.348232	0.154878	
0.280315	0.200086	
0.285126	0.0544026	
0.402043	0.161622	
0.422375	0.0286039	
0.351087	0.177728	
0.338764	0.152292	
0.343023	0.169822	
0.379061	0.116379	
0.345997	0.100626	
0.380533	0.171083	
0.369885	0.248377	
0.279538	0.115383	
0.331308	0.16466	
0.38792	0.187651	
0.405039	0.246825	
0.354642	0.138321	
0.218157	0.106777	
0.392064	0.0672368	
0.388412	0.0436938	
0.405158	0.161235	
0.33508	0.172697	
0.353096	0.152549	
0.348825	0.157216	
0.416504	0.191677	
0.355735	0.15206	
0.393828	0.203752	
0.347946	0.143902	
0.260172	0.0792305	
0.334318	0.236106	
0.36412	0.141767	
0.382919	0.204597	
0.343102	0.168728	
0.365663	0.137815	
0.357478	0.161306	
0.351907	0.135012	
0.298555	0.196838	
0.424255	0.17831	
0.375655	0.0898601	
0.357304	0.114172	
0.3146	0.138202	
0.352533	0.152207	
0.337738	0.101542	
0.348078	0.23332	
0.303572	0.133703	
0.302072	0.103331	
0.318526	0.111259	
0.287487	0.123335	
0.480512	0.213523	
0.336335	0.193214	
0.333599	0.107991	
0.289462	0.0611498	
0.36917	0.0991872	
0.323416	0.147616	
0.450161	0.17491	
0.327602	0.113271	
0.288984	0.144064	
0.384335	0.150606	
0.229793	0.104155	
0.466076	0.0502803	
0.431465	0.13181	
0.360572	0.104223	
0.307083	0.158692	
0.354413	0.149717	
0.331035	0.200912	
0.391404	0.147387	
0.276952	0.107123	
0.36821	0.102274	
0.316247	0.217956	
0.282619	0.155029	
0.204247	0.176103	
0.344445	0.169116	
0.364131	0.144807	
0.314749	0.228653	
0.390348	0.174068	
0.384076	0.144544	
0.349394	0.150134	
0.366287	0.121061	
0.354719	0.170491	
0.441266	0.137138	
0.445175	0.192385	
0.330263	0.231682	
0.330668	0.129906	
0.379343	0.0984916	
0.368249	0.133007	
0.354772	0.153137	
0.376856	0.139456	
0.335805	0.155722	
0.366446	0.172728	
0.408081	0.181172	
0.359432	0.115777	
0.353857	0.15915	
0.276023	0.236365	
0.353838	0.145721	
0.454233	0.224473	
0.320397	0.213975	
0.246963	0.227871	
0.417783	0.178265	
0.298941	0.145944	
0.365352	0.162057	
0.296092	0.133844	
0.336155	0.127454	
0.345042	0.166959	
0.348405	0.155054	
0.302157	0.148434	
0.377939	0.231657	
0.307244	0.199122	
0.277937	0.157957	
0.364485	0.158177	
0.335608	0.149743	
0.339572	0.20023	
0.313537	0.181816	
0.374722	0.183986	
0.392313	0.255041	
0.393517	0.0964665	
0.342023	0.0852706	
0.352341	0.150786	
0.354527	0.0295967	
0.28146	0.182403	
0.345676	0.072061	
0.356989	0.153696	
0.367561	0.149754	
0.4055	0.23356	
0.396747	0.0802535	
0.328646	0.100961	
0.327325	0.14848	
0.286018	0.123	
0.210022	0.187626	
0.310365	0.0717533	
0.308135	0.180066	
0.380779	0.124725	
0.313762	0.150689	
0.347822	0.14829	
0.353914	0.207409	
0.352152	0.126671	
0.245183	0.145905	
0.361006	0.18291	
0.34623	0.193074	
0.366461	0.0750351	
0.260843	0.168284	
0.286746	0.128606	
0.348821	0.148109	
0.34875	0.147802	
0.352279	0.159091	
0.316134	0.217311	
0.411093	0.152006	
0.408178	0.148071	
0.215333	0.101405	
0.38259	0.106027	
0.351505	0.153077	
0.26614	0.109853	
0.22848	0.127062	
0.350819	0.152089	
0.38888	0.02561	
0.397835	0.215065	
0.401798	0.14543	
0.431497	0.0708523	
0.366082	0.0898663	
0.353711	0.150726	
0.339441	0.126736	
0.247563	0.133027	
0.348297	0.171823	
0.391802	0.0824351	
0.350772	0.151442	
0.458893	0.185494	
0.404733	0.0897183	
0.301491	0.21311	
0.382913	0.0973581	
0.291087	0.238864	
0.29745	0.14623	
0.263848	0.0912095	
0.358139	0.148119	
0.324497	0.207923	
0.351424	0.124953	
0.346849	0.156484	
0.371841	0.206648	
0.364519	0.222651	
0.37042	0.151878	
0.376726	0.112082	
0.30334	0.0602947	
0.41808	0.131899	
0.377217	0.179778	
0.339017	0.187814	
0.388946	0.139946	
0.399864	0.213858	
0.377897	0.10474	
0.376645	0.186964	
0.503601	0.16879	
0.345464	0.16056	
0.335905	0.17026	
0.468093	0.0941983	
0.446123	0.13131	
0.373775	0.162989	
0.446647	0.0714384	
0.149103	0.460206	
0.0651508	0.497885	
0.133149	0.443535	
0.19805	0.481391	
0.128807	0.420966	
0.140028	0.426706	
0.171638	0.478723	
0.151983	0.408127	
0.11282	0.384374	
0.137652	0.481823	
0.155615	0.374694	
0.134948	0.468483	
0.129091	0.503894	
0.206087	0.482941	
0.152571	0.475906	
0.174936	0.523365	
0.142428	0.418972	
0.181124	0.472109	
0.145923	0.484826	
0.159659	0.451867	
0.166179	0.527619	
0.188795	0.543806	
0.154971	0.477436	
0.150478	0.51777	
0.267642	0.464144	
0.127565	0.448503	
0.154955	0.449403	
0.161723	0.437642	
0.15865	0.472179	
0.172409	0.507662	
0.146638	0.4403	
0.145479	0.489875	
0.0998383	0.479348	
0.107312	0.413401	
0.16659	0.521383	
0.149805	0.462354	
0.150542	0.418269	
0.177669	0.470657	
0.222539	0.473329	
0.201027	0.441613	
0.154283	0.493554	
0.0333319	0.443881	
0.136664	0.484936	
0.221585	0.579178	
0.213167	0.437675	
0.150875	0.470789	
0.157973	0.47376	
0.0904697	0.471385	
0.112079	0.475698	
0.154153	0.479337	
0.100441	0.485	
0.222165	0.442038	
0.18746	0.461988	
0.156429	0.469587	
0.158804	0.455987	
0.165757	0.471722	
0.127437	0.432043	
0.157627	0.49134	
0.144211	0.429128	
0.215785	0.421722	
0.143105	0.495963	
0.122043	0.577415	
0.215754	0.472779	
0.104901	0.433561	
0.133225	0.520785	
0.153977	0.473994	
0.169639	0.477197	
0.207197	0.484978	
0.1689	0.491783	
0.15243	0.497802	
0.182686	0.545635	
0.0892747	0.47155	
0.0825279	0.456066	
0.156672	0.449514	
0.110619	0.442701	
0.260081	0.592707	
0.169102	0.389658	
0.15152	0.54281	
0.192262	0.459411	
0.185701	0.486651	
0.151943	0.480776	
0.162575	0.455765	
0.129993	0.459077	
0.161371	0.486833	
0.175327	0.430841	
0.264465	0.511374	
0.19799	0.447334	
0.11938	0.432423	
0.150288	0.462456	
0.0942531	0.429755	
0.113278	0.51931	
0.153514	0.45664	
0.149403	0.408853	
0.145503	0.475676	
0.153375	0.475556	
0.152253	0.471441	
0.178361	0.503803	
0.144266	0.544726	
0.146789	0.521002	
0.256968	0.446556	
0.153716	0.47435	
0.198681	0.453004	
0.0958393	0.411531	
0.265819	0.459383	
0.154292	0.474712	
0.149686	0.471466	
0.146087	0.476783	
0.154501	0.473649	
0.152627	0.402769	
0.181445	0.433871	
0.150564	0.474022	
0.112422	0.43611	
0.170991	0.509181	
0.16274	0.502254	
0.201963	0.4393	
0.143109	0.427167	
0.148397	0.564247	
0.203148	0.405469	
0.153103	0.478451	
0.235176	0.548747	
0.113295	0.454366	
0.192931	0.476195	
0.14018	0.476873	
0.141346	0.500199	
0.180808	0.453744	
0.260249	0.494646	
0.132608	0.527115	
0.177892	0.470619	
0.188186	0.459582	
0.185923	0.4761	
0.154408	0.474214	
0.103747	0.498859	
0.152869	0.478862	
0.0612025	0.483297	
0.121116	0.545871	
0.185589	0.476971	
0.198418	0.415567	
0.0641098	0.452023	
0.20083	0.474219	
0.239725	0.477568	
0.176885	0.514428	
0.124709	0.431614	
0.196116	0.470162	
0.15858	0.466336	
0.150386	0.430495	
0.079862	0.512965	
0.158747	0.462894	
0.188754	0.462674	
0.11228	0.470405	
0.137546	0.531489	
0.160899	0.51414	
0.151041	0.393573	
0.205487	0.565993	
0.149111	0.392418	
0.150379	0.502267	
0.152304	0.473337	
0.157391	0.499169	
0.151931	0.463942	
0.160055	0.45999	
0.170861	0.46898	
0.204656	0.380671	
0.158939	0.549331	
0.155749	0.484328	
0.151788	0.441772	
0.185291	0.46	
0.182486	0.485213	
0.126132	0.518002	
0.110778	0.503756	
0.151887	0.471491	
0.135152	0.447339	
0.153145	0.473958	
0.154133	0.474848	
0.155746	0.468501	
0.190276	0.479402	
0.174764	0.441842	
0.198069	0.385633	
0.101567	0.498816	
0.175188	0.403527	
0.28852	0.496902	
0.191375	0.378382	
0.167903	0.487179	
0.0915926	0.410979	
0.170802	0.544909	
0.149125	0.482274	
0.14456	0.436867	
0.125687	0.5066	
0.0914288	0.554139	
0.187095	0.562354	
0.116693	0.50045	
0.160445	0.480602	
0.100975	0.399665	
0.110496	0.49466	
0.0563868	0.444575	
0.106264	0.430574	
0.123733	0.506262	
0.102418	0.424388	
0.155983	0.474298	
0.19224	0.512317	
0.143413	0.5103	
0.159355	0.434796	
0.127742	0.434989	
0.154928	0.469717	
0.15951	0.439712	
0.129186	0.476558	
0.0476346	0.419628	
0.11618	0.373652	
0.155609	0.475519	
0.0354504	0.497606	
0.162735	0.471855	
0.219629	0.470315	
0.107473	0.511997	
0.164506	0.456526	
0.161084	0.477543	
0.146945	0.476135	
0.167778	0.477495	
0.17418	0.480076	
0.128858	0.473732	
0.146769	0.442147	
0.180869	0.543232	
0.162903	0.472524	
0.159434	0.482903	
0.156539	0.472586	
0.119455	0.447195	
0.16852	0.4741	
0.176629	0.403233	
0.154914	0.467448	
0.147437	0.483825	
0.237377	0.529788	
0.154388	0.473944	
0.089487	0.522554	
0.0912488	0.480426	
0.189502	0.474254	
0.174072	0.567591	
0.158363	0.495275	
0.199455	0.475383	
0.181029	0.545116	
0.15574	0.484749	
0.0784256	0.502593	
0.149753	0.516287	
0.124534	0.453828	
0.212481	0.49421	
0.215887	0.470468	
0.017986	0.45018	
0.136255	0.412277	
0.150423	0.545366	
0.133391	0.455083	
0.155581	0.47152	
0.131186	0.46531	
0.205396	0.479983	
0.0961896	0.522085	
0.164479	0.524082	
0.169527	0.469906	
0.153766	0.472392	
0.194406	0.416481	
0.130681	0.51918	
0.162389	0.412704	
0.157024	0.476367	
0.218228	0.480613	
0.173933	0.418022	
0.234558	0.516896	
0.154248	0.474148	
0.0971518	0.448852	
0.136043	0.429461	
0.154573	0.461916	
0.154582	0.514607	
0.195152	0.455866	
0.214257	0.445192	
0.187963	0.435586	
0.170558	0.502379	
0.190708	0.464761	
0.175	0.434098	
0.156436	0.425324	
0.208061	0.474421	
0.112006	0.51809	
0.174393	0.483775	
0.14373	0.456052	
0.236778	0.513778	
0.0931281	0.493717	
0.134782	0.495167	
0.142614	0.473781	
0.157885	0.473918	
0.155635	0.502497	
0.127794	0.479461	
0.123283	0.504775	
0.166258	0.421522	
0.139199	0.502385	
0.191007	0.537182	
0.138724	0.474215	
0.080432	0.433012	
0.158	0.456325	
0.193163	0.460693	
0.150976	0.515389	
0.250549	0.450118	
0.181234	0.470229	
0.169638	0.456914	
0.13773	0.511439	
0.158122	0.577882	
0.197803	0.529039	
0.18693	0.482027	
0.161793	0.454208	
0.0854633	0.469767	
0.128956	0.441162	
0.160889	0.473363	
0.284452	0.480131	
0.248188	0.427791	
0.172504	0.523688	
0.158397	0.478475	
0.154473	0.491725	
0.170943	0.475973	
0.162463	0.50376	
0.211392	0.478797	
0.15464	0.463011	
0.132924	0.465109	
0.184404	0.559993	
0.142229	0.425823	
0.198633	0.454941	
0.107653	0.456023	
0.049348	0.500307	
0.0541023	0.433426	
0.141948	0.417361	
0.066154	0.464534	
0.20121	0.500836	
0.130581	0.448024	
0.093487	0.53009	
0.154755	0.427754	
0.156082	0.512836	
0.198383	0.518359	
0.117872	0.517763	
0.113767	0.469348	
0.157314	0.544821	
0.159776	0.44198	
0.170149	0.430996	
0.105584	0.50128	
0.124196	0.440125	
0.21611	0.472559	
0.162069	0.455458	
0.208924	0.503963	
0.135463	0.469365	
0.223707	0.4489	
0.0776551	0.398853	
0.200319	0.518817	
0.172421	0.562506	
0.14779	0.478577	
0.162626	0.484839	
0.0960408	0.451117	
0.155095	0.510801	
0.152064	0.353971	
0.176738	0.431051	
0.164127	0.470794	
0.176874	0.425916	
0.425396	0.824528	
0.633714	0.922177	
0.493338	0.841752	
0.545109	0.847798	
0.446711	0.836345	
0.449796	0.950757	
0.504261	0.877041	
0.435063	0.989836	
0.508954	0.863856	
0.485479	0.905749	
0.474406	0.858678	
0.480176	0.86255	
0.558585	0.899752	
0.486999	0.797511	
0.387952	0.883787	
0.576263	0.833505	
0.513608	0.858544	
0.395428	0.856861	
0.379821	0.869764	
0.482092	0.795541	
0.479842	0.857978	
0.40259	0.873747	
0.525573	0.844719	
0.484243	0.883489	
0.604191	0.887715	
0.485257	0.860162	
0.501448	0.832485	
0.520587	0.93239	
0.496729	0.829143	
0.434331	0.838083	
0.460752	0.962139	
0.48536	0.824747	
0.498416	0.84344	
0.477614	0.842661	
0.412149	0.878419	
0.472568	0.853432	
0.625078	0.899595	
0.449862	0.847787	
0.515843	0.841709	
0.482959	0.902728	
0.453621	0.892913	
0.413808	0.846963	
0.478184	0.857464	
0.461156	0.801328	
0.470595	0.874885	
0.495877	0.900025	
0.535313	0.794474	
0.439817	0.850673	
0.485104	0.84944	
0.488104	0.835103	
0.477977	0.863686	
0.453664	0.907996	
0.438613	0.883767	
0.474729	0.868402	
0.572797	0.947804	
0.494515	0.849564	
0.468838	0.764548	
0.510445	0.783684	
0.405167	0.8343	
0.55646	0.765314	
0.502185	0.841156	
0.509573	0.832025	
0.47447	0.823695	
0.4542	0.832041	
0.484542	0.868763	
0.456922	0.717266	
0.445928	0.857097	
0.484987	0.865398	
0.545869	0.860658	
0.50312	0.80402	
0.506666	0.851523	
0.487554	0.885192	
0.450363	0.908422	
0.408146	0.835573	
0.501925	0.862892	
0.570135	0.746741	
0.50074	0.815675	
0.457437	0.862251	
0.487661	0.840637	
0.533225	0.863097	
0.541328	0.874383	
0.633288	0.90085	
0.452476	0.853351	
0.457193	0.867314	
0.481286	0.862021	
0.481404	0.87405	
0.458611	0.925823	
0.519752	0.84214	
0.47735	0.867001	
0.600378	0.858756	
0.505672	0.803413	
0.546244	0.823307	
0.525179	0.899879	
0.453125	0.856412	
0.549864	0.882857	
0.38596	0.870626	
0.539231	0.875714	
0.514175	0.867585	
0.490212	0.864734	
0.466129	0.870174	
0.474103	0.846786	
0.487644	0.854176	
0.494262	0.871625	
0.49041	0.758187	
0.446352	0.923883	
0.481301	0.862125	
0.50921	0.864843	
0.478978	0.850613	
0.507052	0.84276	
0.384786	0.943042	
0.480742	0.823781	
0.48946	0.840372	
0.487204	0.760787	
0.430433	1	
0.457727	0.873444	
0.466973	0.857194	
0.463696	0.826008	
0.446907	0.812488	
0.486711	0.854772	
0.481105	0.838486	
0.4931	0.76484	
0.416116	0.822319	
0.475296	0.839298	
0.502243	0.751458	
0.548019	0.931132	
0.463687	0.858823	
0.504893	0.94504	
0.484689	0.871592	
0.486134	0.859729	
0.577506	0.790271	
0.496108	0.88445	
0.420517	0.896325	
0.368079	0.898531	
0.502879	0.912374	
0.441069	0.922879	
0.463175	0.853032	
0.348816	0.901347	
0.484961	0.848704	
0.613598	0.831516	
0.482548	0.827486	
0.495108	0.75431	
0.487367	0.849123	
0.503188	0.799421	
0.528058	0.821864	
0.59778	0.855939	
0.510399	0.859923	
0.49724	0.71747	
0.528934	0.797566	
0.5256	0.916892	
0.425452	0.838776	
0.520646	0.922081	
0.497002	0.859799	
0.481431	0.866098	
0.471491	0.876656	
0.484172	0.866324	
0.483996	0.848782	
0.525096	0.857305	
0.560171	0.871147	
0.473233	0.903339	
0.492371	0.844637	
0.427969	0.95391	
0.482379	0.86383	
0.535337	0.8426	
0.495437	0.893134	
0.56951	0.884793	
0.442613	0.836556	
0.455747	0.851145	
0.456424	0.732124	
0.512853	0.935231	
0.488559	0.87063	
0.46039	0.823923	
0.471702	0.899206	
0.526543	0.901225	
0.387197	0.907746	
0.465264	0.856104	
0.438927	0.946177	
0.452584	0.80707	
0.474727	0.922863	
0.375039	0.882088	
0.493584	0.94981	
0.495926	0.971058	
0.444012	0.833129	
0.400826	0.805769	
0.453604	0.837949	
0.508172	0.740937	
0.481359	0.86271	
0.511865	0.753585	
0.427772	0.854917	
0.456822	0.856098	
0.461665	0.795422	
0.53147	0.870575	
0.566078	0.910759	
0.495609	0.815765	
0.493782	0.843003	
0.494377	0.90607	
0.498492	0.86657	
0.398168	0.78049	
0.488451	0.858263	
0.498325	0.87191	
0.46213	0.888698	
0.546358	0.862719	
0.486578	0.832356	
0.508246	0.901462	
0.446026	0.839647	
0.464524	0.738026	
0.468978	0.934269	
0.627918	0.876247	
0.482023	0.833663	
0.53079	0.709505	
0.444167	0.849184	
0.453682	0.900225	
0.566268	0.901989	
0.384527	0.800469	
0.533435	0.979656	
0.592407	0.756469	
0.505121	0.895227	
0.466896	0.890064	
0.530916	0.806375	
0.574606	0.945858	
0.607291	0.889978	
0.534562	0.949647	
0.484356	0.859369	
0.451931	0.907244	
0.458177	0.870887	
0.528829	0.883989	
0.466548	0.990152	
0.4807	0.839999	
0.484281	0.731091	
0.404911	0.794787	
0.500992	0.887677	
0.372418	0.795409	
0.47751	0.843668	
0.54027	0.818849	
0.476843	0.908546	
0.395989	0.774562	
0.485894	0.892072	
0.603579	0.908918	
0.50161	0.879737	
0.351403	0.841786	
0.491517	0.842285	
0.550976	0.910291	
0.477373	0.887357	
0.49877	0.823574	
0.543954	0.868647	
0.55147	0.811391	
0.501936	0.882461	
0.517869	0.876229	
0.513435	0.859944	
0.538897	0.873006	
0.482363	0.86248	
0.481193	0.837919	
0.478653	0.846808	
0.507616	0.851217	
0.476153	0.762932	
0.507641	0.875589	
0.479574	0.897464	
0.483752	0.859623	
0.424704	0.792861	
0.485116	0.832038	
0.494134	0.918848	
0.454385	0.888304	
0.417703	0.893253	
0.477026	0.858127	
0.484821	0.860519	
0.514567	0.92907	
0.46171	0.848581	
0.487179	0.866633	
0.50146	0.830996	
0.480346	0.875166	
0.414299	0.842202	
0.579329	0.788751	
0.447816	0.879847	
0.474943	0.810849	
0.485822	0.857072	
0.407172	0.894522	
0.459353	0.904686	
0.538488	0.84761	
0.415339	0.887615	
0.485725	0.858946	
0.559888	0.94894	
0.489886	0.799426	
0.485758	0.858545	
0.548734	0.78762	
0.575742	0.954794	
0.460105	0.852838	
0.458478	0.83819	
0.520024	0.945415	
0.366121	0.837405	
0.474594	0.939711	
0.458907	0.882418	
0.539453	0.925866	
0.491738	0.863252	
0.555657	0.830186	
0.472295	0.854069	
0.479401	0.880497	
0.474879	0.879178	
0.466893	0.740679	
0.509257	0.810379	
0.521217	0.935033	
0.423297	0.843292	
0.50793	0.83832	
0.464733	0.830097	
0.511942	0.768903	
0.484112	0.948011	
0.494254	0.882987	
0.448818	0.886512	
0.533004	0.883226	
0.560038	0.890316	
0.362527	0.832149	
0.430505	0.887679	
0.473769	0.756507	
0.465609	0.931527	
0.5536	0.922933	
0.496297	0.77474	
0.446919	0.940128	
0.463769	0.866876	
0.391885	0.91152	
0.433885	0.890545	
0.496399	0.889397	
0.422395	0.839119	
0.60565	0.872177	
0.49777	0.844655	
0.48446	0.869703	
0.514329	0.926872	
0.380044	0.871971	
0.617129	0.838998	
0.488259	0.876086	
0.497807	0.861116	
0.532435	0.805449	
0.485647	0.859134	
0.538021	0.906041	
0.522953	0.847995	
0.482366	0.858529	
0.47227	0.922508	
0.467219	0.959935	
0.412532	0.904359	
0.382214	0.852839	
0.473418	0.842691	
0.470141	0.861092	
0.530963	0.878934	
0.486985	0.911284	
0.363755	0.79666	
0.589835	0.71405	
0.492108	0.854627	
0.558421	0.90401	
0.469087	0.860721	
0.393867	0.866923	
0.51316	0.739653	
0.492012	0.845969	
0.417333	0.875424	
0.68411	0.12957	
0.660634	0.164421	
0.691911	0.136507	
0.685369	0.124087	
0.672196	0.13017	
0.645649	0.142697	
0.67659	0.14882	
0.669802	0.128421	
0.781232	0.100112	
0.692106	0.121637	
0.54777	0.154267	
0.710853	0.120183	
0.718367	0.201694	
0.672326	0.129005	
0.691783	0.122194	
0.683549	0.169943	
0.680775	0.120372	
0.647341	0.139708	
0.679131	0.146317	
0.654032	0.0871508	
0.715026	0.150344	
0.729205	0.123055	
0.666295	0.117323	
0.655737	0.127561	
0.665616	0.139715	
0.643274	0.131221	
0.675719	0.131527	
0.674389	0.131139	
0.685182	0.131265	
0.642472	0.0577919	
0.669852	0.129911	
0.633858	0.135648	
0.712683	0.172971	
0.677032	0.128352	
0.612559	0.121014	
0.650168	0.135412	
0.730861	0.146951	
0.684129	0.148684	
0.67824	0.114711	
0.739409	0.152566	
0.753446	0.148071	
0.638164	0.226749	
0.578205	0.140071	
0.653423	0.158794	
0.663833	0.131827	
0.654208	0.150054	
0.660838	0.12827	
0.541564	0.130781	
0.676466	0.131066	
0.713297	0.103282	
0.610873	0.149177	
0.682882	0.0952151	
0.708776	0.137967	
0.676326	0.129016	
0.637848	0.136752	
0.729857	0.127968	
0.631969	0.182933	
0.701959	0.134715	
0.798895	0.164493	
0.70027	0.105409	
0.662149	0.080705	
0.756178	0.114566	
0.661575	0.0414162	
0.795095	0.221941	
0.632294	0.116039	
0.669955	0.139966	
0.579995	0.133268	
0.559655	0.0745951	
0.692432	0.0891322	
0.586947	0.0482822	
0.632719	0.0805424	
0.671703	0.145032	
0.703651	0.20404	
0.648671	0.13638	
0.623103	0.126663	
0.664275	0.121758	
0.709034	0.114319	
0.770072	0.13428	
0.660223	0.104173	
0.714396	0.0476764	
0.643327	0.122258	
0.708231	0.175187	
0.67486	0.26195	
0.71463	0.0863207	
0.632278	0.186763	
0.674735	0.11135	
0.671165	0.134202	
0.629179	0.0687083	
0.675668	0.176098	
0.705014	0.0686457	
0.668618	0.13382	
0.677809	0.129765	
0.608735	0.160385	
0.809238	0.0987753	
0.665526	0.130263	
0.638772	0.136295	
0.679208	0.126264	
0.584587	0.156708	
0.672427	0.132387	
0.6679	0.160126	
0.796082	0.0709743	
0.649305	0.155954	
0.701976	0.0546988	
0.670968	0.153836	
0.609495	0.153953	
0.670888	0.139658	
0.687758	0.126845	
0.665221	0.134805	
0.821619	0.0662795	
0.775415	0.0931346	
0.670704	0.132154	
0.66475	0.133675	
0.65393	0.104241	
0.657315	0.134363	
0.675994	0.166973	
0.631897	0.0545247	
0.645612	0.0710734	
0.612555	0.169042	
0.669843	0.128709	
0.680435	0.167251	
0.701612	0.201254	
0.672659	0.128699	
0.647983	0.112874	
0.701441	0.17008	
0.66042	0.0766411	
0.67921	0.068701	
0.663809	0.129067	
0.647177	0.137706	
0.654925	0.136055	
0.672005	0.0584082	
0.674807	0.131961	
0.65902	0.198091	
0.673374	0.13799	
0.67507	0.0861455	
0.660536	0.158162	
0.594473	0.160723	
0.676663	0.0968085	
0.766574	0.19259	
0.701274	0.15634	
0.715793	0.184072	
0.670557	0.135841	
0.66467	0.110682	
0.748098	0.183237	
0.659876	0.156338	
0.674829	0.130778	
0.687481	0.119022	
0.734297	0.136968	
0.681196	0.108332	
0.677707	0.160696	
0.676443	0.158656	
0.643013	0.135057	
0.707861	0.136884	
0.716772	0.143888	
0.680753	0.128611	
0.607388	0.139902	
0.603784	0.174677	
0.659557	0.0719557	
0.65563	0.1223	
0.564234	0.166363	
0.644737	0.157383	
0.678595	0.114522	
0.683815	0.0898257	
0.703421	0.129435	
0.689509	0.145589	
0.669271	0.169838	
0.659529	0.104706	
0.669687	0.111328	
0.674986	0.199212	
0.624438	0.0567511	
0.691066	0.179457	
0.676382	0.129198	
0.665767	0.123579	
0.695702	0.213889	
0.547836	0.162521	
0.672648	0.118786	
0.654435	0.11056	
0.681213	0.143732	
0.667384	0.12871	
0.755534	0.167907	
0.616728	0.190985	
0.642864	0.149766	
0.646249	0.144613	
0.666826	0.13444	
0.651555	0.11255	
0.677587	0.113171	
0.539053	0.079707	
0.600832	0.0779238	
0.599873	0.110334	
0.648812	0.21768	
0.687316	0.178139	
0.621876	0.093071	
0.669664	0.133571	
0.744001	0.122198	
0.664187	0.133231	
0.671904	0.110233	
0.712399	0.203425	
0.663389	0.138466	
0.673639	0.182195	
0.807475	0.0812525	
0.669663	0.16436	
0.627881	0.131898	
0.618312	0.0526757	
0.680582	0.160046	
0.661716	0.0824424	
0.710324	0.104929	
0.697148	0.14642	
0.587374	0.116984	
0.712146	0.0928645	
0.735534	0.108717	
0.693486	0.0594771	
0.556094	0.0801221	
0.722206	0.166633	
0.674658	0.136962	
0.715384	0.209293	
0.706476	0.133206	
0.602637	0.147042	
0.674928	0.134661	
0.611709	0.139617	
0.698278	0.0889434	
0.707061	0.00540085	
0.634902	0.151525	
0.580734	0.114184	
0.706716	0.130768	
0.68548	0.150683	
0.672982	0.120958	
0.649775	0.125377	
0.803848	0.124791	
0.68327	0.15237	
0.676276	0.133435	
0.673737	0.131321	
0.738449	0.162122	
0.600398	0.185819	
0.713646	0.147198	
0.653721	0.120138	
0.674482	0.139071	
0.656157	0.14069	
0.622783	0.0619549	
0.67822	0.121505	
0.765928	0.115436	
0.67431	0.1288	
0.674887	0.123961	
0.704199	0.112434	
0.67822	0.128792	
0.675848	0.131398	
0.694275	0.198438	
0.694343	0.236597	
0.637847	0.12049	
0.791778	0.103394	
0.692962	0.17558	
0.739785	0.254975	
0.602789	0.158771	
0.640161	0.141646	
0.588497	0.123793	
0.720911	0.117807	
0.695358	0.176412	
0.63387	0.140352	
0.622855	0.144174	
0.675788	0.0637047	
0.614112	0.141277	
0.678349	0.178991	
0.765722	0.0760915	
0.652412	0.133139	
0.642841	0.0558574	
0.648914	0.184337	
0.656258	0.128921	
0.624931	0.0905525	
0.697189	0.171999	
0.67999	0.161841	
0.62086	0.0327263	
0.653118	0.117138	
0.660306	0.1288	
0.723394	0.178071	
0.659441	0.130292	
0.671047	0.137921	
0.724435	0.151262	
0.584952	0.107387	
0.62924	0.156598	
0.720029	0.0384566	
0.63886	0.151232	
0.667705	0.0897746	
0.624177	0.150486	
0.750022	0.103448	
0.689835	0.13377	
0.69066	0.0533243	
0.673944	0.0626828	
0.640961	0.105185	
0.66738	0.112312	
0.745572	0.136951	
0.738706	0.115144	
0.674363	0.102799	
0.683126	0.137699	
0.568913	0.158856	
0.674234	0.244975	
0.723953	0.133159	
0.700432	0.193089	
0.773927	0.101129	
0.691073	0.121921	
0.699065	0.0567542	
0.64948	0.0664192	
0.61343	0.14485	
0.677499	0.0888235	
0.716463	0.143317	
0.626119	0.0938302	
0.713391	0.164991	
0.660718	0.0765327	
0.682137	0.216771	
0.672485	0.125255	
0.68819	0.135313	
0.58331	0.210352	
0.684275	0.0820294	
0.636388	0.0818365	
0.700353	0.0940533	
0.721133	0.198457	
0.636193	0.124944	
0.746127	0.131595	
0.760027	0.174441	
0.68575	0.086279	
0.670862	0.114384	
0.661715	0.129966	
0.657777	0.127187	
0.753658	0.1954	
0.667706	0.12916	
0.661713	0.130474	
0.674457	0.134217	
0.683277	0.152285	
0.626616	0.0744574	
0.592505	0.238204	
0.740223	0.14663	
0.650196	0.154406	
0.706685	0.0854103	
0.651428	0.130912	
0.676399	0.130611	
0.576051	0.10469	
0.733994	0.182425	
0.677226	0.141109	
0.71054	0.157253	
0.688151	0.108959	
0.655912	0.112044	
0.772605	0.102515	
0.590873	0.0536873	
0.677103	0.0978847	
0.766849	0.200065	
0.641699	0.122334	
0.679936	0.148968	
0.666341	0.126568	
0.622674	0.183231	
0.653525	0	
0.701361	0.151812	
0.650344	0.121991	
0.657639	0.0755607	
