leaf 0: 3168 3039 2926 3183 3221 3117 2975 3172 3048 3218 3034 2970 2923 3057 3062 2973 3232 3014 2945 
leaf 1: 3225 3235 3076 2989 3124 3178 3188 3199 3190 2953 3197 3093 3095 2994 2954 3215 3228 3186 3114 3234 
leaf 2: 3111 3035 2949 3049 3028 3160 3038 3098 3016 3175 3206 3180 2952 2935 3129 3004 2995 3029 3128 
leaf 3: 3161 2961 3230 3127 2974 3241 2986 3220 3143 3245 2978 3171 3112 3173 3077 3058 3224 3121 2924 3122 
leaf 4: 3211 2910 4254 3088 3059 2990 3189 2922 2919 3009 4001 3082 4288 4009 2913 3994 4216 3203 4064 
leaf 5: 4067 3989 4086 4036 4203 4051 4265 4110 4215 4217 4125 4059 4129 4299 4174 4208 4127 4026 3543 3359 
leaf 6: 2987 3217 3130 2929 3032 3118 2942 2999 2946 3170 2971 2963 2938 3140 2960 3067 2914 3115 3155 
leaf 7: 3237 3238 3166 3250 4053 3974 3079 3214 4049 4242 4089 3078 3988 4159 4191 4284 4012 4207 4260 4222 
leaf 8: 3164 3060 3159 3064 3107 3177 3103 3184 3137 3194 2959 2920 2969 3013 3251 2977 3096 2996 3008 
leaf 9: 2980 2915 3120 2948 2981 3017 2917 3081 3080 2937 3149 3069 2941 3239 3036 3185 3033 3116 3135 3134 
leaf 10: 3702 2966 3084 3152 3044 3097 3169 3092 2934 3252 3138 2921 3010 3065 2927 3125 3236 2988 3027 
leaf 11: 3233 3040 2998 3201 3222 3110 3021 2962 3043 3099 3195 3018 3020 3187 3073 3204 3198 3157 3145 3000 
leaf 12: 2967 2912 3167 3162 3094 3071 3106 3100 2968 3119 3105 3192 3223 3148 2916 3181 3212 2957 2918 
leaf 13: 3056 2979 3248 3085 3101 3182 2958 2944 2931 3109 2991 3047 2997 3219 2982 2930 3005 3208 3108 3123 
leaf 14: 3608 3026 3150 2956 2947 3191 3041 3193 2925 3207 3244 3158 2972 3023 3022 3091 3055 3046 3019 
leaf 15: 2933 3050 3042 2939 3052 2983 3163 2965 3202 3196 3126 3229 3156 3132 3209 3247 3007 2984 2911 2993 
leaf 16: 4213 4261 4107 4038 3985 4175 3950 4151 3995 4045 4118 4202 4055 4105 4057 4178 4015 4120 4210 
leaf 17: 4080 4050 4060 4054 4121 4044 3964 4163 4043 4068 4229 4082 4056 4237 4287 3961 4072 4262 4197 4032 
leaf 18: 3983 4143 4013 4037 3954 4061 4091 4006 4193 4024 4150 4283 4212 4269 4251 3955 3966 4172 4264 
leaf 19: 4065 3952 4008 3975 4070 4272 4042 3986 4119 4189 4134 4094 3980 4167 4195 4274 4113 4225 3976 4041 
leaf 20: 4166 4278 3998 4098 4266 3982 4000 4180 3997 4021 4294 4211 4250 4022 4039 4145 4238 4270 3951 
leaf 21: 4087 4083 4052 4131 4142 4140 4268 4289 3958 3555 4157 4154 3991 4155 3534 4192 3512 3290 3301 3562 
leaf 22: 4076 4014 4204 4116 4245 4277 4040 4135 4223 4144 3962 4233 4235 4073 4160 4138 4117 4228 4010 
leaf 23: 4199 4282 4141 3981 4081 4126 3992 4179 3968 3959 4176 4133 4232 4030 4153 4292 4227 4095 4187 4267 
leaf 24: 4297 4034 4220 4281 4124 3977 4149 4152 4280 4074 4244 3969 4023 4249 4161 4285 4031 4114 4004 
leaf 25: 4078 4239 4028 4002 4108 4097 4240 4219 4096 4109 4243 4201 4077 3987 4093 4298 4005 4122 4003 4196 
leaf 26: 3331 3316 3535 3288 3264 3471 3368 3418 3415 3353 3429 3374 3531 3405 3411 3561 3571 3567 3510 
leaf 27: 3557 3274 3300 3508 3366 3358 3340 4296 3458 3412 3275 3960 3329 4103 4101 4058 3957 4205 4234 4221 
leaf 28: 4224 4130 4018 4293 4033 4170 4007 4112 4186 4218 4183 4046 4257 4063 3990 4106 4259 3979 4062 
leaf 29: 4019 4231 3131 4104 4090 4295 4100 4147 4275 4214 3984 4241 3965 4255 4148 4188 4200 3973 4276 4048 
leaf 30: 4092 4184 4088 4071 4181 4123 3953 4079 4085 4198 4248 3967 3963 4017 4029 4115 4165 4258 3956 4016 
leaf 31: 4173 4190 4164 4271 4169 4158 4252 4162 4286 4139 3978 3996 4230 4256 4206 4171 4146 4156 3972 3999 
leaf 32: 1084 1063 942 1194 1232 1132 975 1221 967 1143 1156 1189 1094 1124 1101 1226 1085 1176 1131 
leaf 33: 1136 1046 1183 1151 1247 1193 1072 1201 1222 1175 1044 1182 1169 1188 1024 1154 1215 1087 1248 964 
leaf 34: 1007 1173 1114 1013 992 1121 1049 1133 1098 941 1038 1207 1181 935 936 1242 1243 1070 1158 
leaf 35: 1103 1002 1199 983 977 1135 980 1048 959 1186 1141 981 1057 1216 1053 1118 1104 1010 1022 1204 
leaf 36: 1091 933 1109 982 1042 1130 1019 1184 962 1107 1234 1208 1235 1174 1115 3165 3086 3066 2985 
leaf 37: 2964 986 1127 3146 2909 1051 3045 1030 3231 3053 3063 2940 3006 3113 3001 3074 3089 3083 2950 3025 
leaf 38: 1065 1147 1039 999 1168 1092 1003 1206 1682 1654 1096 1149 1715 1117 1165 1079 945 1714 1214 
leaf 39: 1128 985 1860 1195 1166 1081 938 1219 948 1020 1241 1160 1061 969 1138 966 1227 1148 3051 3002 
leaf 40: 1210 1112 1229 1029 956 1100 1251 1198 1213 988 1082 1240 1197 1027 1187 1196 1014 987 1068 
leaf 41: 1095 1008 974 1152 934 1105 976 1170 1231 1139 1071 991 1052 1249 1089 1192 989 1034 1233 1212 
leaf 42: 1705 1786 1677 1721 1862 1716 1804 1642 1890 1837 1665 1667 1849 1656 1760 1691 1636 1899 1585 
leaf 43: 1801 1580 1854 1877 1755 1630 1722 1867 1828 1836 1627 1209 1058 1765 1150 1749 958 1748 1590 1788 
leaf 44: 1238 961 1172 1178 1086 1200 979 1037 1223 990 1047 1043 947 953 1077 1060 1153 1090 1236 
leaf 45: 939 1144 1026 1140 1159 1023 995 1028 1102 1064 949 1122 996 1016 1045 1250 973 968 1239 1004 
leaf 46: 1012 1157 1040 1155 978 1162 1113 1088 1244 1164 1108 1137 951 963 1177 1000 1005 1142 1059 
leaf 47: 1129 1093 1099 1055 1035 946 955 1074 1228 1246 1083 1006 1146 1032 1211 1171 1119 1217 1205 1116 
leaf 48: 1640 1738 1598 1591 1845 1679 1742 1639 1779 1690 1882 1712 1805 1574 1605 1841 1609 1706 1819 
leaf 49: 1587 1624 1582 1886 1776 1618 1723 1740 1810 1663 1844 1694 1647 1891 1622 1626 917 672 4025 4128 
leaf 50: 650 687 1768 1632 1674 1756 1831 1889 1681 1641 1769 1589 1880 1671 1856 1764 1708 1879 1855 
leaf 51: 1796 1700 1701 1631 1873 1684 1878 1693 1696 1847 1646 1600 1771 1846 1645 1619 1635 1675 1778 1662 
leaf 52: 665 833 648 632 864 746 814 658 4246 4011 4182 3993 4066 4291 4137 4102 4263 4111 4132 
leaf 53: 4020 4279 4185 4194 4047 4168 3971 4027 4084 4236 4136 4069 4099 3970 4247 4290 4177 4273 4209 4226 
leaf 54: 646 799 705 857 819 629 747 806 925 886 623 680 692 862 678 712 881 767 875 
leaf 55: 919 624 706 683 771 728 791 718 770 719 805 891 867 637 701 811 907 4035 4075 4253 
leaf 56: 3147 3249 2976 3151 3246 3136 3037 3068 2955 3141 3061 1829 1668 1729 1732 1608 1897 1573 1613 
leaf 57: 1795 1734 1603 1736 1800 1871 1638 1612 1728 1864 1751 1699 1673 1774 1724 1761 1807 1653 1651 1743 
leaf 58: 3154 2951 3054 2992 3030 3142 3031 3024 2932 3243 3153 3012 3090 3213 3226 3070 3104 2936 3205 
leaf 59: 3240 3087 3003 3242 3174 3200 3075 3102 2928 3133 3072 3176 2943 3253 3227 3216 3210 3139 3015 3011 
leaf 60: 1720 1688 1763 1713 1865 1799 1657 1822 1884 1782 1842 1601 1602 1735 1802 1697 1685 1758 1824 
leaf 61: 1853 1898 1821 1812 1616 1611 1852 1680 1839 1659 1717 1825 1620 1843 1815 1780 1594 1896 1623 1676 
leaf 62: 1893 1683 1895 1661 1754 1745 1876 1817 1666 1586 1704 1866 1872 1773 1599 1615 1834 1649 1718 1869 
leaf 63: 1858 1737 1900 1689 1783 1885 1650 1687 1808 1861 1595 1814 1823 1698 1703 1820 1827 1702 1881 1887 
leaf 64: 497 529 459 492 348 394 439 426 393 396 513 367 555 403 553 407 504 517 340 
leaf 65: 546 374 576 518 602 460 309 551 371 419 512 378 376 549 400 615 457 427 357 532 
leaf 66: 424 541 606 414 488 364 383 465 387 373 452 304 329 597 538 359 550 350 611 
leaf 67: 332 603 542 526 495 410 564 441 483 523 445 335 566 349 596 591 547 475 585 522 
leaf 68: 415 341 336 377 587 326 480 588 405 451 406 552 435 558 500 389 519 581 608 
leaf 69: 328 455 379 303 468 418 487 318 503 469 589 310 316 557 586 368 346 1018 311 333 
leaf 70: 362 356 443 355 474 375 575 458 507 491 423 584 411 501 579 543 436 571 601 
leaf 71: 433 343 516 322 556 327 574 494 449 399 462 337 595 580 530 363 422 338 344 534 
leaf 72: 3673 3764 3679 3886 3674 3734 3699 3725 3724 3939 3704 3840 3842 3936 3663 3831 3726 3736 3911 
leaf 73: 3821 3753 3611 3813 3902 3816 3901 3676 3671 3759 3776 3835 3654 3672 3947 3730 3737 3723 3830 3697 
leaf 74: 3873 3909 3775 3894 3732 3774 3687 3913 3618 3745 3794 3617 3918 3879 3760 3703 3808 3839 3923 
leaf 75: 3647 3823 3740 3817 3870 3921 3941 3680 3904 3601 3653 3934 3912 3833 3751 3630 3949 3719 3815 3946 
leaf 76: 548 599 321 569 381 476 582 392 358 509 561 365 437 605 352 369 385 479 342 
leaf 77: 613 4823 370 4660 521 525 334 4808 312 301 467 614 463 4941 448 600 4697 570 4692 485 
leaf 78: 3845 3853 3780 3793 3657 3607 444 3836 3810 3677 3920 360 3850 3717 306 319 421 3804 323 
leaf 79: 520 434 610 3755 533 607 481 390 3943 528 409 583 478 3693 472 417 450 404 4835 4860 
leaf 80: 4956 4657 4874 4768 4680 4827 4971 4994 4824 4821 598 4744 4725 4776 4672 4832 4694 4967 4761 
leaf 81: 4843 4968 4972 4757 4696 4920 4922 4969 4914 4673 4807 4763 4883 4778 4911 4980 4875 4685 4723 4777 
leaf 82: 4678 4650 4803 4653 4892 4741 4746 4683 4698 4981 4820 4703 4878 4893 4676 4794 4780 4677 4866 
leaf 83: 4973 4889 4879 4666 4862 4887 4890 4771 4748 4654 4663 4736 4760 4790 4923 4841 4740 4688 4810 4846 
leaf 84: 4786 4950 4811 4783 4929 4966 4959 4853 4710 4669 4954 4774 4775 4999 4806 4907 4934 4779 4766 
leaf 85: 4948 4960 4720 4952 4679 4915 4912 4975 4840 4737 4712 4765 4886 4818 4851 4836 4918 4989 4996 4719 
leaf 86: 4704 4745 4681 4800 4675 4850 4963 4992 4730 4896 4724 4998 4714 4919 4772 4833 4684 4987 4825 
leaf 87: 4935 4762 4791 4936 4815 4728 4816 4844 4735 4834 4837 4939 4797 4856 4990 4925 4701 4871 4982 4717 
leaf 88: 612 388 313 565 515 592 386 499 4958 567 505 537 428 339 331 354 300 563 464 
leaf 89: 511 440 536 317 510 4881 471 535 502 477 4829 431 4691 590 402 347 531 4838 372 539 
leaf 90: 544 461 616 395 308 508 353 540 315 325 1080 490 453 572 416 562 559 320 493 
leaf 91: 380 442 568 366 482 412 470 314 438 4976 496 527 454 425 545 330 593 397 430 473 
leaf 92: 4738 4814 4764 4769 4849 4917 4798 4852 4799 4749 4651 573 4753 4784 4877 4974 4793 4656 4993 
leaf 93: 4693 4687 4668 4721 432 4826 4751 4978 4695 4984 4715 4755 4884 4674 4782 4940 4885 4831 4655 4667 
leaf 94: 4716 4902 4747 305 4865 4804 486 4785 4867 4900 4700 4908 4949 4754 4742 4906 506 4930 4805 4767 
leaf 95: 4905 4926 577 4870 4901 4928 4830 4995 4809 446 4706 4734 447 4913 351 4781 489 4847 4909 4817 
leaf 96: 3437 3303 3323 3514 3465 3325 3369 3598 3485 3599 3490 3456 3346 3419 3344 3417 3277 3365 3548 
leaf 97: 3347 3336 3527 3560 3294 3588 3308 3525 3570 3585 3574 3479 3450 3352 3569 3591 3324 3474 3431 3499 
leaf 98: 3400 3577 3580 3475 3425 3376 3372 3498 3350 3436 3524 3289 3293 3558 3339 3493 3267 3556 3424 
leaf 99: 3295 3466 3345 3513 3473 3305 3321 3265 3528 3296 3333 3589 3568 3455 3408 3310 3489 3276 3552 3509 
leaf 100: 3370 3291 3271 3532 3526 3299 3373 3576 3322 3257 3302 3341 3397 3515 3435 3472 3481 3547 3446 
leaf 101: 3430 3445 3587 3398 3421 3292 3309 3539 3255 3377 3355 3457 3533 3826 3464 3883 3592 3907 3287 3852 
leaf 102: 3494 3443 3383 3263 3505 3362 3491 3403 3284 3432 3338 3463 3315 3312 3392 3407 3261 3440 3460 
leaf 103: 3393 3364 3278 3326 3363 3566 3544 3351 3449 3451 3298 3546 3550 3311 3269 3410 3572 3502 3517 3268 
leaf 104: 3371 3488 3529 3593 3367 3337 3468 3433 3361 3504 3423 3356 3396 3378 3596 3496 3579 3343 3581 
leaf 105: 3559 3266 3254 3382 3545 3486 3313 3553 3597 3354 3480 3285 3389 3442 3279 3360 3434 3381 3478 3282 
leaf 106: 3522 3395 3454 3260 3387 3428 3439 3578 3272 3328 3307 3564 3390 3394 3297 3536 3385 3409 3448 
leaf 107: 3335 3467 3518 3497 3551 3399 3384 3500 3413 3420 3375 3453 3461 3541 3283 3563 3304 3441 3330 3320 
leaf 108: 3327 3380 3537 3286 3444 3342 3476 3406 3495 3306 3459 3416 3542 3391 3427 3270 3565 3317 3401 
leaf 109: 3554 3462 3519 3314 3388 3447 3484 3357 3477 3319 3583 3538 3426 3506 3348 3332 3386 3470 3349 3404 
leaf 110: 3520 3511 3438 3584 3523 3595 3521 3507 3258 3273 3334 3262 3483 3540 3492 3573 3469 3318 3482 
leaf 111: 3487 3582 3414 3516 3280 3594 3590 3452 3402 3259 3379 3549 3501 3256 3530 3575 3503 3586 3281 3422 
leaf 112: 3722 3866 3623 3631 3893 3666 3621 3889 3602 3752 3662 3761 3892 3799 3640 3932 3931 3834 3739 
leaf 113: 3675 3637 3868 3649 3844 3942 3746 3787 3694 3937 3855 3664 3770 3766 3948 3718 3782 3682 3707 3661 
leaf 114: 3829 3824 3900 3851 3837 3748 3625 3928 3628 3820 3805 3604 3938 3716 3735 3763 3917 3788 3827 
leaf 115: 3858 3685 3636 3629 3620 3899 3741 3847 3790 3655 3841 3876 3864 3781 3743 3729 3720 3933 3877 3828 
leaf 116: 391 1054 560 1062 514 1075 972 1067 408 940 984 1025 1125 307 1076 1167 324 1224 1097 
leaf 117: 1126 1245 1134 937 1120 932 1050 960 971 1123 1220 1106 950 1180 1001 952 1191 994 1036 970 
leaf 118: 3709 3731 3785 3708 3698 3767 3861 3869 3706 3910 3940 3771 3878 3696 3695 429 466 524 604 
leaf 119: 997 398 420 484 361 382 609 384 3179 498 578 345 3144 456 944 554 594 401 302 413 
leaf 120: 3639 3880 3658 3798 3806 3802 3811 3733 3619 3641 3669 3857 3738 3838 3651 3712 3800 3796 3690 
leaf 121: 3614 3714 3856 3643 3650 3809 3881 3750 3887 3854 3925 3860 3812 3600 3681 3818 3626 3665 3667 3885 
leaf 122: 3903 3773 3814 3605 3916 3721 3713 3609 3926 3784 3644 3906 3891 3822 3768 3660 3603 3742 3882 
leaf 123: 3803 3896 3632 3668 3895 3758 3807 3863 3825 3646 3801 3710 3935 3884 3689 3874 3634 3757 3711 3754 
leaf 124: 3888 3633 3832 3659 3606 3919 3908 3613 3627 3905 3797 3756 3638 3624 3778 3859 3727 3930 3779 
leaf 125: 3762 3728 3865 3944 3843 3612 3769 3945 3652 3777 3747 3867 3862 3792 3922 3645 3656 3744 3924 3848 
leaf 126: 3875 3871 3765 3635 3795 3846 3670 3642 3929 3890 3915 3692 3691 3791 3700 3686 3772 3678 3789 3615 
leaf 127: 3622 3783 3786 3648 3688 3849 3683 3684 3749 3898 3897 3927 3819 3705 3872 3914 3610 3701 3616 3715 
leaf 128: 2618 2818 2838 2767 2616 2795 2869 2875 2866 2743 2853 172 2820 2829 2630 2794 2824 255 2573 
leaf 129: 77 2661 2625 2742 2898 2597 2837 2658 2701 2793 163 2580 2896 2762 2577 2894 2758 2723 2610 2595 
leaf 130: 2273 2807 2569 2307 2441 2338 2290 2609 2719 2722 2698 2357 2903 2322 2690 2684 2594 2505 2695 
leaf 131: 2725 2746 2712 2599 2289 2763 2253 2796 2276 2873 2356 2292 2521 2566 2328 2891 2731 2433 2617 91 
leaf 132: 2819 2603 2650 2889 2716 2575 2843 2826 2631 2883 2861 2850 2718 2863 2624 2693 2785 2814 2734 
leaf 133: 2855 2738 2615 2766 2856 2736 2656 2654 2904 2572 2870 2637 2759 4438 4625 4444 4389 4620 4506 4324 
leaf 134: 28 2884 2657 2729 2721 2606 2587 2868 2574 2588 2570 2593 2633 2655 2651 2788 2591 2825 2694 
leaf 135: 2660 2641 2689 2865 2611 2832 2628 2645 2663 2636 2836 2892 2605 2739 2713 2604 2677 2800 2857 2726 
leaf 136: 31 87 24 53 235 186 134 245 180 141 173 2490 2315 2466 2304 2439 2362 2332 2263 
leaf 137: 2240 2528 2483 2377 2533 2456 2236 2430 2560 2351 2554 2268 2419 2461 2553 2548 2526 2447 2249 2398 
leaf 138: 256 215 165 46 56 285 206 129 219 166 184 232 135 9 228 190 286 291 133 
leaf 139: 176 1 75 236 118 257 275 214 96 151 183 212 261 189 254 142 85 65 201 38 
leaf 140: 2423 2511 2387 2507 2525 2241 2371 2529 2559 2452 2512 2510 2448 2281 2527 2536 2396 2278 2547 
leaf 141: 2481 2518 2474 2314 2561 2500 2421 2524 2462 2384 2305 2252 2309 2428 2385 2460 4381 4336 4301 4519 
leaf 142: 2494 2308 2429 2541 2372 2473 2251 2402 2381 2298 2271 2259 2301 2503 2239 2287 2438 2329 2509 
leaf 143: 2543 2412 2465 2269 2360 2542 2472 2504 2568 2496 2283 2491 2424 2365 2312 2556 2280 2265 2443 2294 
leaf 144: 2207 2002 2208 2046 2069 2055 2128 2123 1918 2229 2014 1919 2181 2056 2210 1943 277 2102 2083 
leaf 145: 1973 2221 2135 281 2168 2199 95 241 39 128 122 138 200 106 204 185 51 292 217 110 
leaf 146: 2676 2678 2877 2741 2906 2834 2600 2640 2813 2681 2714 2696 2882 2789 2634 2881 2907 2792 2692 
leaf 147: 2858 2614 2703 2781 2664 2887 2648 2686 2845 2851 2754 2848 2841 2601 2775 2119 2084 2202 1931 2185 
leaf 148: 2186 2026 2226 2062 2098 1966 2101 1936 2076 2205 1954 2150 2167 2115 1956 2204 2068 1994 2180 
leaf 149: 2234 2021 1962 2127 2178 2228 1984 1930 1990 1977 1992 2082 2182 2193 1921 1948 1922 1969 2130 2176 
leaf 150: 21 22 115 158 296 6 159 177 66 109 114 84 244 140 101 203 90 247 60 
leaf 151: 44 268 57 64 227 169 144 194 263 2156 2071 16 2007 2235 2086 2141 1940 2015 1912 2218 
leaf 152: 2840 2708 2596 2720 2809 2621 2782 2783 2859 2827 2828 2710 2646 2806 2622 2747 2779 2821 2607 
leaf 153: 2776 2715 2680 2709 2847 2626 2717 2901 2803 2816 2659 2711 2811 2908 2805 2735 2647 2740 2862 2842 
leaf 154: 4536 2598 2852 4429 4570 2685 2885 2786 2608 2576 2871 2808 2679 4514 2732 2571 2619 2683 2635 
leaf 155: 2888 2733 2702 2780 2584 2886 2878 2770 2627 2844 2613 2846 2707 2753 2730 2761 2682 2810 2602 2777 
leaf 156: 2612 2760 2755 2644 2706 2750 2581 2583 2665 2642 2672 2638 2756 2699 2668 2757 2751 2589 2620 
leaf 157: 2673 4642 2876 2879 2670 2778 2666 2833 2669 2737 2864 2585 2774 2854 2649 2812 2691 2835 2724 2874 
leaf 158: 2697 2773 2890 2831 2872 2822 2700 2895 2662 2592 2629 2671 2705 2802 2772 2905 2764 2653 2900 2839 
leaf 159: 2830 2745 2791 2787 2815 2801 2797 2687 2899 2590 2804 2798 2688 2704 2849 2769 2643 2675 2623 2765 
leaf 160: 55 145 72 287 113 11 17 136 272 104 208 246 117 88 278 121 293 79 202 
leaf 161: 299 271 86 70 74 167 13 35 191 2522 2534 2562 2353 2389 2373 2375 2502 2450 2497 2366 
leaf 162: 250 290 179 279 102 36 249 251 100 49 280 94 187 274 23 80 137 150 41 
leaf 163: 260 231 226 248 161 33 78 130 196 252 288 59 230 99 221 225 107 98 213 259 
leaf 164: 2434 2546 2331 2436 2336 2558 2248 2386 2476 2532 2520 2277 2344 2431 2495 2279 2321 2432 2352 
leaf 165: 2388 2446 2417 2316 2330 2531 2376 2318 2291 2394 2274 2416 2449 2296 2411 2359 2364 2467 2339 2368 
leaf 166: 2471 2537 2544 2415 2445 2349 2374 2486 2422 2379 2501 2242 2323 2523 2457 2310 2563 2463 2414 
leaf 167: 2347 2409 2343 2363 2555 2302 2513 2335 2530 2337 2475 2455 2325 2243 2538 2260 2244 2319 2246 2300 
leaf 168: 10 199 168 124 120 209 234 146 178 5 131 240 224 207 47 52 253 81 160 
leaf 169: 270 61 97 149 205 266 267 103 148 82 125 157 127 175 282 83 295 2 25 239 
leaf 170: 1902 1932 2050 2081 2063 2066 2213 2100 2138 2043 1988 2113 1907 2027 2037 2031 2106 2079 1972 
leaf 171: 1982 2107 1950 2039 2157 153 92 71 58 273 32 170 43 152 223 37 42 218 45 76 
leaf 172: 162 156 12 276 238 284 0 192 7 229 269 210 298 68 237 4 262 29 19 
leaf 173: 233 30 8 20 297 195 63 147 198 216 3 220 119 105 108 197 54 265 154 164 
leaf 174: 112 34 69 93 264 289 40 50 123 222 111 18 283 139 211 243 48 67 181 
leaf 175: 14 15 116 89 188 174 155 26 294 171 258 182 62 242 73 143 193 126 132 27 
leaf 176: 1939 2097 2110 2187 2151 2085 2155 2044 2051 1905 2140 2112 1917 2192 2074 2137 2206 2201 1968 
leaf 177: 1961 2111 2057 2092 2024 2152 1967 2008 1971 2125 2220 1957 2214 2129 2004 2087 1965 2153 2059 2194 
leaf 178: 2035 2095 2121 2133 2170 2006 1976 1928 2172 2169 1926 1958 2032 2045 2075 2047 1975 1908 2118 
leaf 179: 2171 2233 1937 2145 1963 1941 1959 1952 1998 2042 2099 1910 1970 2091 1924 2072 1953 1983 2189 2158 
leaf 180: 1978 2009 1989 2073 2231 1929 2149 2011 2197 2064 2142 2122 2209 1913 2146 2196 2120 2058 2028 
leaf 181: 2013 2124 2065 1997 2215 2175 2198 1993 2159 2222 2017 2166 2038 2225 2126 1964 1906 2078 2070 2003 
leaf 182: 2160 1980 2147 2001 2177 2230 1927 2184 1903 2179 2139 1925 2040 2216 2088 1947 2164 1933 1938 
leaf 183: 2010 1949 1960 1996 2227 2132 2117 2077 1987 2211 2048 2049 2029 1981 1974 2019 1986 1995 2173 2224 
leaf 184: 2258 2264 2567 2361 2370 2334 2506 2458 2499 2284 2470 2459 2340 2295 2413 2514 2565 2469 2425 
leaf 185: 2464 2333 2306 2399 2275 2391 2355 2342 2479 2354 2418 2516 2257 2299 2405 2327 2407 2358 2484 2453 
leaf 186: 2403 2380 2564 2270 2397 2390 2369 2247 2485 2493 2345 2313 2480 2468 2392 2401 2549 2266 2256 
leaf 187: 2393 2326 2382 2367 2346 2477 2478 2535 2435 2250 2406 2320 2552 2378 2442 2400 2454 2551 2383 2324 
leaf 188: 2348 2262 2237 2297 2303 2282 2286 2089 2000 2105 2162 2188 2183 1916 2116 2005 2217 2143 2154 
leaf 189: 1955 2223 2163 2104 1991 2200 2114 2090 2136 2030 2190 2131 1904 2093 1914 1923 2036 2094 1946 2067 
leaf 190: 2350 2404 2440 2508 2288 2317 2395 2557 2539 2341 2426 2451 2515 2245 2498 2420 2293 2285 2482 2489 
leaf 191: 2488 2444 2254 2519 2267 2311 2492 2238 2408 2545 2272 2517 2261 2427 2255 2540 2437 2410 2550 2487 
leaf 192: 671 669 1857 1621 4534 1614 4496 1803 1747 1787 1793 1892 1797 1584 1835 1752 1798 1678 1875 
leaf 193: 1604 1670 1792 4467 1770 1868 1772 4365 4504 4356 4596 1643 1730 4610 1625 4553 1766 1581 1658 4527 
leaf 194: 4542 4376 4492 4331 4439 4410 4369 4390 4362 4442 4580 4572 4313 4319 4601 4416 4470 4343 4363 
leaf 195: 4489 4613 4476 4417 4304 4481 4420 4412 4403 4440 4423 4300 4557 4421 4528 4482 4512 4530 894 4641 
leaf 196: 1832 1791 1644 1762 1692 1610 1874 1883 1794 1784 1710 1818 1806 1711 1767 1901 1576 1660 1719 
leaf 197: 1686 1759 1753 1579 1789 1628 1777 1744 1731 1652 1790 1575 1634 1606 1637 1775 1707 1848 1750 1726 
leaf 198: 1863 1709 1781 1583 1727 1648 1757 1888 1851 1593 1733 1833 1725 1859 1741 1629 1617 1870 1597 
leaf 199: 1840 1669 1633 1746 1830 1826 1811 1894 1592 1655 1785 1588 1664 1739 1578 1813 1596 1809 1838 1672 
leaf 200: 4591 4398 4566 4497 4428 4367 4325 4629 4578 4563 4581 4454 4521 4573 4556 4364 4461 4549 4622 
leaf 201: 4485 4632 4405 4384 4452 4427 4311 4320 4350 4342 4388 4385 4562 4568 4353 4310 4638 4344 4399 4615 
leaf 202: 4494 4345 4309 4339 4463 4535 4618 4555 4529 4458 4430 4371 4604 4471 4323 4545 4541 4537 4594 
leaf 203: 4626 4306 4516 4595 4498 4402 4469 4499 4453 4495 4510 4589 4340 4560 4374 4627 4451 4414 4605 4523 
leaf 204: 4645 4415 4425 4474 4435 4377 4584 4488 4383 4565 4466 4393 4382 4337 4366 4585 4509 4483 4571 
leaf 205: 4347 4503 4465 4352 4329 4487 4617 4609 4449 4599 4619 4649 4341 4569 4334 4373 4321 4358 4317 4636 
leaf 206: 4408 4360 4332 4370 4621 4326 4567 4493 4302 4355 4459 4648 4539 4328 4411 4643 4378 4349 4441 
leaf 207: 4401 4437 4348 4501 4418 4455 4558 4419 4550 4526 4507 4551 4407 4333 4531 4422 4400 4637 4335 4593 
leaf 208: 785 839 631 750 653 772 796 870 828 835 633 834 794 760 744 920 823 739 619 
leaf 209: 726 647 685 887 639 825 830 923 927 876 921 868 643 717 842 758 649 906 699 670 
leaf 210: 773 734 656 827 756 832 810 642 764 735 641 777 900 847 807 711 769 621 720 
leaf 211: 757 661 848 737 850 871 700 695 762 911 792 800 768 916 845 775 654 882 703 797 
leaf 212: 817 774 667 652 675 812 620 844 782 679 707 731 725 681 745 853 873 874 841 
leaf 213: 804 732 660 713 730 704 878 740 684 829 849 879 910 753 664 914 820 674 895 763 
leaf 214: 931 898 666 617 787 778 904 803 761 930 736 710 869 690 786 659 723 783 634 
leaf 215: 913 836 622 790 858 727 754 877 890 733 638 663 752 789 821 759 618 880 918 693 
leaf 216: 4624 4318 4587 4538 4608 689 860 816 818 742 859 798 724 651 698 802 926 808 729 
leaf 217: 741 749 645 738 640 686 837 776 831 815 883 893 899 924 644 888 765 856 915 889 
leaf 218: 4525 4330 4634 4307 4413 4305 4603 4588 4475 4460 4614 4505 4611 4386 4477 4633 4404 4434 4559 
leaf 219: 4640 4533 4351 4372 4522 4575 4409 4635 4431 4616 4561 4574 4473 4577 4314 4432 4478 4646 4395 4436 
leaf 220: 625 801 912 903 905 793 677 908 902 657 715 855 696 929 824 852 628 781 779 
leaf 221: 708 636 813 716 682 872 630 896 788 892 766 809 901 784 722 866 676 865 688 635 
leaf 222: 1607 1850 1816 1577 1695 626 714 697 897 662 884 885 838 709 843 627 668 748 928 780 
leaf 223: 655 922 822 755 851 854 694 673 826 721 691 840 751 702 909 743 795 863 861 846 
leaf 224: 1442 1325 1412 1364 1312 1532 1319 1323 1379 1322 1516 1518 1446 1465 1473 1445 1290 1294 1529 
leaf 225: 1496 1438 1292 1557 1372 1499 1497 1424 1452 1303 1374 1295 1408 1340 1317 1455 1457 1328 1536 1547 
leaf 226: 1362 1431 1561 1326 1315 1252 1301 1506 1500 1469 1495 1380 4713 1389 1388 1381 1377 1353 1261 
leaf 227: 1550 1406 1522 1302 1273 1520 1288 1313 1474 1514 1365 1352 1429 1548 1304 1276 1344 1263 1327 1266 
leaf 228: 1530 1333 1493 1525 1482 4727 4690 1256 1510 1507 1560 4937 4689 4977 4964 4876 1509 4888 1460 
leaf 229: 4711 4796 4686 1307 4842 4988 4897 4705 4945 4938 4658 4671 4931 4759 4858 1489 4743 4848 4910 4750 
leaf 230: 1342 1486 1286 1264 1360 1310 1305 4991 1534 1404 4970 4787 1444 1479 1572 1279 1535 4792 1300 
leaf 231: 1391 1334 1467 1458 1320 1407 4965 1337 1275 4828 1321 4708 4880 1470 1447 1324 1564 1528 1253 1341 
leaf 232: 1367 1448 1383 1390 1354 1501 1265 1487 1498 1270 1420 1272 1563 1541 1552 1426 1373 1311 1308 
leaf 233: 1437 1531 1387 1453 1481 1562 1502 1339 1484 1257 1371 1369 1349 1527 1357 1503 1433 1468 1370 1330 
leaf 234: 1355 1435 1316 1546 1267 1271 1259 1570 1269 1284 1428 1385 1524 1533 1281 1399 1331 1413 1436 
leaf 235: 1427 1515 1543 1569 1464 1268 1309 1521 1430 1565 1471 1338 1423 1394 1363 1478 1382 1335 1386 1494 
leaf 236: 1450 1545 1425 1539 1451 1476 1298 1472 1409 1454 1443 1258 1418 1556 1400 1414 1480 1537 1505 
leaf 237: 1449 1441 1356 1289 1343 1459 1542 1401 1483 1347 1280 1403 1488 1513 1361 1384 1287 1395 1299 4758 
leaf 238: 1523 1517 1314 1475 1376 1511 1282 1378 1439 1421 1417 1329 1419 1262 1553 1277 1558 1555 1260 
leaf 239: 1554 1568 1293 1393 1332 1544 1566 1440 1571 1463 1462 1559 1567 1278 1285 1375 1526 1396 1358 1490 
leaf 240: 1203 1230 1202 2902 2799 2790 2582 2823 2768 2579 2639 2632 2674 2652 2771 2817 2728 2667 2784 
leaf 241: 2867 2748 2880 4508 2893 2860 2897 2578 4446 2752 2727 2586 2744 2749 4647 4484 4375 4486 4359 4602 
leaf 242: 2025 2134 2109 2061 2020 2148 2203 2212 2144 2012 1915 1934 2053 2060 1945 2054 2232 1909 1985 
leaf 243: 2174 1021 2219 1015 1017 1237 1218 1009 957 1190 1161 1110 1073 1078 1033 1031 1163 1111 1225 954 
leaf 244: 4546 4639 4524 4606 4396 4515 4392 4472 4502 4394 4630 4433 4448 4607 4450 4312 4540 4644 4623 
leaf 245: 4464 4564 4590 4511 4327 4612 4598 4468 4491 4424 4586 4426 4520 4479 4579 4518 4354 4480 4583 4513 
leaf 246: 4357 4447 4597 4346 4517 4628 4582 4443 4532 4361 4544 4391 4600 4338 4387 4322 4462 4592 4631 
leaf 247: 4552 4576 4303 4316 4456 4445 4547 4308 4406 4315 4379 4397 4368 4500 4490 4543 4554 4548 4380 4457 
leaf 248: 4855 4997 4788 4882 4985 4670 4951 4802 4773 4953 4916 4665 4924 4898 4904 4682 4731 4861 4839 
leaf 249: 4819 4921 4789 4944 4983 4894 4770 4962 4722 4845 4662 1306 1538 4863 4822 4955 1485 1411 1274 1477 
leaf 250: 4869 4927 4729 4752 4933 4947 4859 4739 4979 4733 4868 4718 4857 4961 4699 4854 4709 4986 4891 
leaf 251: 4726 4903 4661 4795 4659 4946 4664 4756 4812 4872 4864 4943 4707 4932 4957 4801 4652 4702 4813 4873 
leaf 252: 1350 1415 2108 1944 2022 2018 1911 2161 1422 2096 2103 2195 2191 1920 1951 2080 2165 2052 2034 
leaf 253: 1979 2041 1942 1935 1041 2016 1179 1011 2023 1999 998 2033 965 1069 1056 993 943 1185 1066 1145 
leaf 254: 1466 1254 1283 1366 1296 1461 1359 1519 4899 1492 1398 1491 1346 1551 1549 1397 1345 1456 1405 1351 
leaf 255: 1368 1297 1432 1402 4895 1416 1508 1318 1255 1540 4942 1434 4732 1504 1512 1392 1348 1291 1336 1410 
